361.65
123.04
541.77
862.90
55.60
3728.56
70.00
730.63
420.56
81.63
226.01
1146.88
84.43
86.83
298.60
176.27
17.19
190.33
101.54
3476.48
2162.74
183.83
50.00
152.83
198.65
47.49
50.00
586.59
114.97
161.99
576.18
754.00
863.69
171.75
107.68
112.77
152.50
1185.93
7.15
217.69
156.59
173.10
159.68
143.77
158.54
8.98
176.90
159.82
607.46
144.57
10.87
820.49
537.24
148.56
811.78
67.01
61.36
89.77
23.07
26.04
91.58
282.27
151.15
41.25
47.85
19.81
55.08
86.08
47.32
40.61
68.80
52.96
243.90
973.79
71.42
10.00
453.97
135.00
87.18
116.77
600.85
68.57
94.78
69.22
108.02
228.97
234.07
4.00
14.98
368.80
146.38
12.00
701.24
1912.33
1094.58
248.59
61.42
46.79
23.28
116.98
25.00
114.00
594.45
15.76
38.72
43.35
458.83
267.06
82.20
186.24
486.43
100.73
10.00
135.66
8.42
2817.52
490.19
712.00
51.21
167.73
744.58
428.57
198.02
181.89
1052.14
506.88
134.55
772.35
251.04
237.49
302.55
415.38
145.50
141.50
39.60
656.50
152.74
5514.11
65.18
27.79
519.09
2185.83
748.72
124.00
179.58
574.44
126.90
185.18
167.01
20.40
162.65
777.75
106.19
13535.80
412.28
115.80
84.67
881.40
87.55
8.00
189.81
7574.21
204.44
959.20
759.19
106.93
118.10
20.33
1127.14
134.85
175.86
1095.82
554.72
78.49
1383.77
162.32
10333.05
1983.15
1622.53
52.50
37.61
302.84
190.60
459.72
182.25
416.16
56.61
51.96
331.00
112.91
133.59
8876.71
456.35
234.32
117.18
1189.48
327.52
346.30
354.98
1241.84
87.12
127.01
47.85
1231.45
76.43
260.39
16265.70
131.47
58.26
94.28
184.01
38.54
125.57
12.83
233.88
118.67
560.23
237.76
103.48
9.54
70.87
69.49
168.47
69.22
390.92
3281.42
75.55
2822.80
51.73
295.70
360.80
20833.26
126.41
7.13
725.55
762.84
212.20
286.52
38.68
127.43
26.78
206.95
1316.68
171.22
128.79
545.48
83.16
51.84
492.25
1102.39
198.64
1634.35
796.27
47.44
31.28
47.85
112.39
93.72
97.00
202.01
2498.44
140.92
198.46
282.53
34.92
443.49
427.73
43.02
8.40
1300.74
257.87
104.71
113.46
616.08
759.18
1962.25
310.47
178.63
111.99
392.26
872.34
147.69
235.02
213.10
22.06
154.94
1371.20
156.95
241.56
469.99
392.38
111.19
8.56
1533.77
65.18
51.84
1048.70
514.93
689.85
88.36
283.59
163.93
370.23
159.32
1587.14
2072.09
14.99
251.21
2775.57
189.64
59.93
190.22
125.70
52.00
233.80
10.00
19.83
260.66
62.00
5.62
343.93
1001.33
79.75
321.14
181.38
59.77
48.80
292.07
104.87
80.65
99.99
58.31
39.50
371.41
32.04
47.85
676.38
63.45
3219.23
800.17
359.10
530.65
156.68
283.01
86.62
38.23
6972.86
8860.01
268.68
51.84
220.95
31.71
56.49
2212.75
91.20
308.95
1261.47
126.68
75.88
240.98
129.60
1292.78
9.00
12.70
63.47
144.54
81.94
839.06
2871.10
37.01
262.43
118.13
70.00
84.80
55.79
901.02
47.85
46.14
1942.95
541.39
2100.22
453.47
288.20
79.12
480.10
1198.94
445.91
294.93
11285.83
213.97
291.44
270.58
75.84
96.48
47.85
5.00
127.31
109.95
17.68
157.48
333.26
174.78
129.29
220.08
173.26
160.36
128.71
516.72
1083.02
51.16
522.21
273.93
8.32
926.59
115.33
258.63
2369.86
121.12
4161.97
86.57
68.05
47.85
306.16
71.06
88.43
210.33
115.79
247.05
1381.76
160.73
128.47
109.90
4642.55
12.00
93.60
97.63
35.12
245.11
120.65
21.80
174.53
97.42
46.25
619.57
657.89
7.00
35.02
50.59
177.90
65.18
1759.20
454.00
72.49
76.43
69.55
69.44
91.37
17.19
147.34
203.14
187.94
157.98
140.37
125.75
248.90
26.47
68.72
918.84
65.18
32.03
203.42
69.55
73.27
407.58
178.77
61.01
248.64
345.94
85.35
47.85
388.46
237.80
141.62
8.79
50.00
51.84
61.80
337.71
28.10
279.29
361.46
419.50
539.18
30.40
74.38
90.21
377.89
4656.13
552.95
22.19
144.51
2.68
85.64
744.61
180.01
132.00
945.66
1621.69
19.36
75.26
273.39
496.77
112.16
178.70
124.60
1482.84
327.03
823.43
23.63
575.02
598.41
2704.57
94.66
423.88
75.54
109.08
179.81
346.31
41.84
719.70
114.50
211.06
132.50
137.04
1516.48
19.00
173.68
271.06
306.24
16.67
212.75
34.79
349.90
236.56
162.90
4.00
129.61
73.83
88.50
148.20
207.58
467.83
958.18
9.09
138.46
141.29
164.39
75.00
296.38
260.97
97.00
175.39
124.60
68.64
121.37
394.58
18.27
222.00
51.85
35.40
68.05
1480.16
10497.65
69.49
58.02
452.59
452.88
1179.51
18.50
29.99
82.87
346.69
416.69
127.00
118.93
164.82
108.92
122.22
47.64
73.07
144.44
189.95
60.01
459.12
161.02
1232.11
1840.40
136.86
39.92
101.05
394.57
994.45
1644.43
217.78
245.77
157.70
389.40
111.20
121.74
317.81
55.12
269.00
60.00
659.14
155.42
241.61
581.68
13.17
693.11
161.39
165.15
1239.30
154.72
277.07
312.54
26.45
1442.62
6853.66
65.21
123.80
29.12
63.35
21.30
111.82
695.80
86.69
69.88
284.46
70.00
2904.84
277.50
26.38
153.50
706.52
4280.96
168.22
105.67
22.80
442.29
25.00
504.34
68.74
95.00
629.96
89.87
370.19
11685.96
21.36
573.73
47.85
169.59
56.21
4488.09
600.23
254.75
113.46
59.00
357.78
479.06
280.79
159.29
91.37
10.00
7.76
316.75
124.70
214.97
68.90
117.12
77.85
1324.53
71.57
142.17
60.30
165.56
712.31
1583.31
957.63
165.66
433.11
246.05
71.63
37.36
94.06
183.10
382.18
195.58
56.64
215.83
240.00
229.15
348.95
20.00
438.82
47.85
564.39
75.16
747.10
50.40
106.04
405.84
7.13
265.38
2337.19
29.52
8617.58
210.52
330.86
99.97
343.15
25.57
64.24
393.17
98.97
70.00
1366.25
227.52
106.83
151.68
119.19
384.82
111.65
14.30
111.39
171.53
552.97
191.88
63.62
398.54
154.78
147.61
1370.61
88.43
1637.05
78.89
182.27
476.42
142.66
548.84
265.64
2804.68
60.02
9.75
1434.00
77.04
77.56
68.49
20.00
51.03
192.94
1540.62
37.09
1315.50
407.84
1391.63
271.83
45.96
203.48
105.77
623.80
90.21
16.62
213.28
102.00
321.46
343.00
75.23
354.14
119.31
124.60
194.42
505.97
57.94
122.51
444.85
71.77
33.75
65.18
54.76
11013.67
173.09
236.06
1367.32
394.57
773.81
45.00
135.00
65.18
300.00
312.74
509.23
178.74
764.98
336.46
208.08
93.69
25.98
1292.06
47.85
396.02
840.04
426.81
154.78
378.18
202.89
87.24
25.86
38.00
19771.77
642.06
53.41
1828.83
154.54
81.94
144.89
189.00
339.39
92.85
26.19
226.37
334.14
104.35
524.61
1093.39
356.24
193.85
170.86
97.23
329.12
2947.01
238.34
1201.80
9686.01
199.61
203.21
67.23
352.13
1955.45
24.26
47.85
5941.79
751.10
441.39
573.66
304.51
301.24
906.87
529.06
244.85
129.29
143.08
158.32
569.67
604.93
18.54
1449.62
169.44
801.83
142.22
622.68
82.24
40.57
5.00
121.16
47.85
439.48
183.39
187.71
302.29
256.68
12.04
573.95
10.00
59.34
319.57
47.85
1332.20
43.87
12.00
30.00
244.38
128.93
98.41
63.96
1448.78
577.37
218.79
135.11
2220.78
692.95
68.24
245.41
75.16
64.73
500.81
197.70
212.32
212.70
425.10
447.05
10.00
701.32
219.70
111.23
49.69
577.82
96.38
2007.99
4.00
10.00
115.92
204.36
268.46
122.90
159.32
174.78
396.12
72.37
6261.17
32.03
120.44
49.90
66.65
707.21
40.11
102.41
1776.42
714.47
5.33
51.84
73.91
921.92
144.98
344.96
326.05
378.11
111.94
65.18
68.40
170.00
310.59
60.00
10.00
25.02
64.50
20.79
51.84
72.33
861.21
84.81
105.67
137.24
237.75
139.08
1346.57
13.57
58.26
1584.79
232.16
741.57
1364.37
3015.11
75.72
8.00
94.90
245.21
5.00
785.78
576.64
90.55
59.83
1889.00
216.34
188.63
465.66
80.01
501.29
2580.85
106.17
387.90
123.01
266.33
57.63
648.52
58.26
160.11
18.76
444.70
189.83
136.04
195.98
1060.72
8.24
1039.29
28.92
1808.38
249.85
1755.57
227.59
573.12
640.14
2713.25
638.85
2005.84
7021.55
26.77
725.71
959.32
1104.57
46.13
22.54
224.08
350.70
56.38
29.69
75.86
262.00
217.95
2077.22
352.31
166.98
115.33
26.33
402.77
364.22
666.03
817.22
1780.88
1958.13
68.82
45.50
51.84
1544.69
146.80
99.20
87.01
56.62
208.80
1339.95
26.61
168.45
159.01
398.23
582.71
109.41
216.08
166.35
550.00
1415.03
3233.79
1177.78
338.18
267.30
444.73
102.54
109.36
57.68
540.00
96.76
800.85
84.78
260.80
371.10
526.01
22.19
1181.87
125.68
125.96
218.91
633.70
21.97
404.39
1061.41
76.39
112.06
210.10
7.05
163.19
40.00
107.10
87.40
87.36
36.88
27.22
1103.84
105.66
108.19
274.21
119.15
30.00
71.38
83.44
13.80
125.12
14.00
57.91
678.47
286.22
166.25
257.03
1028.10
55.85
20.00
373.23
448.14
769.13
519.63
1293.59
12.50
360.40
90.21
158.30
235.92
66.73
96.29
356.40
108.32
1385.19
96.85
294.52
237.62
39.40
154.39
191.31
132.70
55.60
881.60
8036.05
142.24
29.81
2248.64
60.00
47.85
53.50
47.85
52.23
191.77
289.37
1012.74
275.46
266.57
1691.35
47.85
297.73
65.18
3997.67
299.37
308.66
292.54
1264.43
332.31
103.80
10.60
2629.19
1059.57
8.65
51.96
114.92
9.40
20.00
30.50
121.02
201.54
15.98
32.52
79.32
181.70
145.85
80.21
196.11
529.88
77.62
74.70
246.95
142.80
121.74
134.89
156.67
145.92
826.31
140.07
5675.39
583.69
283.36
69.55
57.90
1115.06
211.15
1070.61
90.30
374.71
404.79
10.94
10.00
186.05
1155.65
895.67
526.33
179.66
25.81
38.39
47.85
73.97
15.99
357.95
77.69
18.20
1015.31
341.44
116.77
25.88
733.10
382.93
319.28
70.85
65.18
69.55
2402.40
10.00
165.31
81.94
117.39
10.00
386.52
156.29
893.62
9106.65
542.48
73.73
69.49
72.12
11.54
44.25
88.00
717.62
97.24
70.92
141.50
103.70
126.18
341.74
6.10
47.85
109.56
416.43
58.26
182.27
469.21
325.42
74.92
225.83
2023.97
167.41
149.57
617.53
549.52
269.00
245.12
80.10
100.54
42.50
84.78
57.91
312.06
318.79
170.97
325.53
110.56
1096.36
339.45
474.51
115.12
143.06
2552.17
765.00
154.55
279.80
207.09
8254.32
194.56
90.10
1188.07
120.00
35.02
16.62
16.00
532.41
13.99
2045.99
47.85
85.63
199.75
278.27
268.77
339.35
135.31
452.80
1854.00
94.00
352.69
184.88
121.98
18.63
122.21
1166.37
8.36
124.14
138.52
1358.90
73.97
885.88
165.01
109.99
190.14
255.87
1340.05
367.26
108.44
422.62
47.85
9.66
59.34
118.28
147.69
125.74
300.24
66.51
121.02
985.08
218.11
163.77
303.90
201.30
141.71
176.13
804.86
528.65
66.51
843.85
1522.99
204.02
38.50
686.41
4214.23
115.92
48.85
91.40
8.94
269.51
1081.73
235.19
183.01
650.22
71.46
69.94
233.07
388.50
61.42
8.00
113.36
10.00
143.50
80.00
701.71
403.20
64.44
200.85
7.79
20.00
342.25
108.80
437.03
4.00
217.75
1388.18
245.43
783.57
332.63
42.30
613.07
62.10
736.65
2616.09
158.32
2059.04
10.06
671.52
185.88
848.29
227.46
765.05
73.04
171.69
169.46
265.14
544.10
111.99
59.00
8.00
763.95
773.69
103.65
4505.57
2110.81
121.29
27.05
12.54
191.14
68.05
27.26
3735.09
106.12
4.00
1696.94
215.99
130.21
47.85
75.16
269.04
426.31
120.93
197.60
408.56
719.45
534.94
107.50
834.16
449.45
1063.98
1137.40
719.45
74.66
16053.90
59.93
353.41
109.71
478.36
47.85
693.44
7279.16
287.45
195.90
23.87
331.44
1092.00
152.73
80.18
25.60
2329.60
76.21
90.07
155.26
251.50
137.33
333.39
113.41
370.62
85.67
66.51
357.29
80.47
80.98
89.83
813.33
751.66
3622.46
131.77
75.23
206.67
536.85
114.80
22.93
29.99
406.62
238.70
322.28
744.37
146.86
26032.33
66.50
407.34
329.22
468.01
127.65
68.05
140.74
580.96
1650.85
418.13
290.04
256.43
61.18
57.91
2280.51
121.37
142.05
109.96
155.42
1425.86
12.04
69.91
55.48
349.74
254.91
16.78
55.00
377.11
1147.68
4.00
189.75
54.15
42.52
135.96
1152.06
12.05
525.47
185.23
195.16
117.18
87.22
4464.63
425.59
236.32
69.06
167.63
86.51
339.84
85.27
161.43
333.01
13.90
133.36
247.24
1077.63
1516.71
8.57
4.00
155.47
81.81
64.80
515.98
23.68
297.17
13.50
2123.14
133.08
797.91
145.19
90.12
47.85
120.00
194.15
88.51
797.06
1361.40
110.87
5.00
316.42
50.09
541.00
29.16
427.53
471.83
59.93
48.48
7006.42
184.06
16.09
38.00
165.98
117.39
147.60
203.22
696.78
1491.37
458.73
149.78
925.27
300.60
250.39
3059.87
2021.32
795.75
611.64
200.55
252.87
168.24
198.49
109.55
51.84
140.86
499.96
1162.09
93.27
395.43
113.46
104.85
5843.98
64.30
242.85
55.48
7801.65
469.63
98.03
135.50
20.72
5.00
23.10
193.22
222.85
116.75
39.14
707.56
395.00
37.23
658.29
74.27
354.90
2202.48
479.80
189.23
66.86
51.85
166.32
115.85
205.71
112.63
1374.55
130.34
55.11
2399.60
1311.73
72.28
139.13
31.37
57.00
203.21
606.69
50.00
4.00
8774.10
110.59
282.49
55.75
82.65
556.62
145.86
38.00
636.75
376.22
183.75
74.51
12.09
947.69
279.22
69.55
19.76
440.01
378.92
113.08
718.34
185.13
330.38
434.75
150.03
76.09
12.80
56.13
128.51
234.44
1124.83
112.26
136.29
23.54
56.09
45.81
85.73
75.28
126.12
100.00
12.20
71.02
221.99
148.65
99.50
75.43
153.91
59.83
96.87
29.07
481.57
915.35
87.18
55.10
157.46
3215.56
76.43
9592.08
84.00
93.80
47.85
1177.07
406.76
253.63
609.32
176.48
550.81
838.05
111.94
499.89
105.02
179.27
165.88
10.00
110.19
2245.28
1064.47
87.16
21.30
347.13
84.02
167.26
361.18
704.62
609.49
858.56
135.41
831.19
72.87
505.73
20.00
152.54
66.51
405.85
50.89
566.60
130.98
24.26
88.09
124.60
79.96
55.50
86.79
952.88
120.44
371.24
81.35
221.51
969.91
177.45
280.64
191.27
35.02
791.89
119.19
621.19
538.92
1067.02
141.83
114.72
4.00
516.50
166.00
41.25
705.63
5.60
21.22
9524.32
116.10
126.90
356.25
329.93
4.00
138.28
22.54
16.86
264.65
20.65
204.81
31.09
119.66
172.16
171.72
429.95
25.00
215.83
38.11
252.84
106.78
1327.54
686.42
152.40
123.19
194.94
127.30
4.00
116.21
4.00
36.90
417.58
8265.99
61.62
74.11
193.84
138.54
70.03
48.70
235.34
194.00
10070.63
43.50
66.51
107.64
47.85
225.70
207.97
219.59
116.44
59.34
69.55
70.51
687.19
141.00
813.15
104.69
977.42
461.33
93.66
1038.35
652.94
17.50
1206.33
21.36
75.16
131.34
433.09
193.90
87.66
220.48
312.42
10.00
349.90
47.85
275.83
23.04
136.70
254.34
206.47
470.51
120.44
96.22
8.00
125.37
10.00
234.42
136.67
1812.53
879.98
185.11
8.59
96.85
169.23
12.00
3712.99
91.29
15.08
5557.02
59.93
305.18
4004.07
4833.56
3446.94
30.14
69.20
1532.54
399.18
151.59
10.00
8767.61
329.70
57.68
430.52
496.81
169.85
478.43
19.85
4.00
202.37
62.23
627.50
150.32
70.54
251.19
112.53
70.00
1056.60
180.00
64.96
640.77
341.74
66.51
327.90
60.00
834.02
902.02
250.66
1575.20
75.16
1011.98
994.08
144.61
164.22
565.75
94.58
82.01
98.16
50.90
6.86
1287.60
526.59
13499.06
454.20
125.27
81.86
1424.99
89.53
626.42
10.68
112.32
60.00
1081.80
55.84
56.85
470.62
15.79
130.02
616.44
57.91
326.05
122.73
162.14
19.00
336.00
124.42
470.31
710.06
319.63
6.02
1354.71
245.28
108.51
12.30
598.50
253.98
12.65
111.36
44.13
1054.78
83.76
88.46
12.04
2275.38
664.02
49.47
303.48
183.84
14.79
85.96
1586.80
216.50
738.21
205.10
354.00
1144.51
1356.65
1803.51
190.67
86.98
450.65
161.80
69.55
405.55
10.47
139.79
125.36
87.76
1235.50
19.78
129.75
4.00
76.43
73.24
550.29
139.82
195.60
5516.14
7.37
19.00
40.94
492.34
74.00
66.51
103.71
96.44
8.44
210.91
124.85
34.99
94.54
146.14
221.11
19.86
225.39
66.51
122.38
106.64
214.75
204.09
94.13
1128.78
913.79
7.00
32.05
105.38
534.75
1521.39
502.30
1568.59
132.47
390.97
66.51
54.57
43.50
86.91
94.13
16.30
99.08
46.91
100.56
187.22
172.15
242.62
270.41
58.26
207.75
153.69
12.05
23.32
95.09
118.10
134.10
663.50
6778.06
821.24
74.77
265.88
66.20
197.71
161.59
8540.18
429.96
606.08
289.65
262.89
78.64
40.77
73.27
16.86
171.72
406.45
57.91
224.29
76.43
2602.26
274.33
31.22
828.90
683.07
167.31
33.20
315.00
120.77
129.23
415.93
220.00
137.00
55.22
2158.30
76.43
52.23
200.76
1473.62
754.36
125.37
85.15
199.96
18.00
955.63
3288.29
324.50
114.00
425.03
123.72
283.80
1193.21
19.53
172.16
44.64
115.04
32.10
10.52
44.77
376.89
144.87
112.47
332.86
69.37
10.14
66.51
192.35
348.23
57.96
11394.43
195.42
59.07
69.49
416.49
20.00
1843.48
3483.45
77.73
51.84
231.60
281.43
47.85
50.24
173.18
198.13
128.70
89.88
516.00
4837.62
187.53
35.00
15.71
76.43
105.49
173.64
295.30
246.53
117.56
4.73
126.26
1593.76
540.00
881.30
5.96
6.59
2056.73
241.93
222.74
847.51
433.72
16.09
174.40
14057.35
586.86
51.62
330.57
124.24
60.01
165.18
371.23
59.03
1025.49
22278.31
328.52
51.16
913.56
371.00
147.60
1218.69
701.13
119.19
851.75
195.63
72.28
111.25
69.55
38.96
1728.17
350.99
83.08
20.00
1003.74
77.95
3971.98
159.51
103.95
61.01
77.21
250.53
58.90
1342.40
101.14
80.00
2459.05
393.25
932.09
372.85
261.11
213.11
247.27
220.78
2657.38
1712.02
1502.64
605.34
98.35
93.66
483.17
243.33
178.02
1277.43
55.88
183.00
1614.26
130.37
81.69
153.18
153.06
42.46
124.30
310.48
1300.62
109.36
517.20
23.99
109.36
1243.28
519.84
2807.13
178.56
322.27
277.62
398.17
2693.76
1356.11
139.39
1053.85
708.16
322.70
188.96
320.27
282.02
21.95
1595.20
159.80
102.75
551.02
97.37
103.73
369.70
40.00
159.25
307.75
182.79
233.45
413.88
260.17
711.37
65.55
18.50
95.58
397.09
148.48
364.15
311.44
100.00
43.25
191.67
211.52
809.58
296.84
737.59
44.12
228.89
146.26
185.78
385.13
72.87
53.30
735.99
210.00
969.57
64.75
10.00
382.42
310.47
126.52
1169.95
80.01
30.00
2609.09
462.15
162.77
401.19
330.12
117.39
1999.87
246.11
214.33
6557.77
367.95
118.52
374.36
147.00
2820.88
107.66
30.50
140.82
29.81
239.79
1118.06
247.16
50.24
18.00
29.81
332.07
40.92
151.85
67.01
281.62
204.98
204.24
136.97
155.74
126.75
256.58
40.72
83.51
14185.57
113.83
115.74
166.94
98.02
163.00
107.03
5.25
49.02
42.05
78.96
240.39
1983.27
469.40
158.82
37.36
970.40
196.94
1421.24
144.82
184.31
4.00
109.13
113.46
66.51
99.35
63.22
153.41
200.57
112.30
47.85
102.32
29.16
560.36
297.95
122.06
485.15
39.17
388.37
12.35
81.89
422.15
79.31
1090.64
264.34
322.18
201.48
995.78
546.89
47.85
402.84
269.00
190.36
452.02
1049.35
238.49
313.40
4163.47
47.85
78.20
102.18
118.33
14.40
2111.78
242.32
391.93
366.67
228.94
230.04
1151.02
96.08
931.37
161.80
79.89
53.22
96.60
278.38
81.26
3439.36
1622.65
2962.47
1361.37
9.26
536.84
9923.40
539.93
9.39
216.72
316.24
63.83
1772.29
30.50
150.66
46.45
1381.41
544.47
398.51
126.91
104.22
129.47
28.51
145.31
174.00
127.41
15953.14
410.15
436.38
96.09
128.60
4.00
61.01
40.40
47.85
215.70
12427.37
1045.40
318.89
168.42
24.29
117.39
9517.27
163.18
28.34
122.00
215.08
6.41
749.83
50.00
31.66
1231.67
807.63
5236.80
771.89
68.19
50.79
159.92
1203.75
1343.29
193.15
570.60
515.57
18.00
1982.79
47.85
75.16
58.44
60.34
66.74
87.04
2131.36
279.25
353.03
118.39
53.44
39.17
78.65
152.71
87.16
192.99
275.96
342.15
654.15
103.05
352.45
155.90
1102.40
2358.18
669.54
609.97
249.86
606.95
129.95
2579.75
651.50
107.10
206.16
85.10
5.00
117.12
159.92
30.01
63.76
154.23
102.88
66.51
134.15
22.90
13.70
117.39
68.62
642.47
17.25
78.35
1260.39
10.55
55.00
51.03
880.81
48.80
179.21
3259.81
38.85
1937.71
432.50
224.55
10469.21
198.42
121.54
70.02
185.00
17.65
119.77
520.16
156.87
885.68
146.87
7145.51
22.71
15.79
126.60
287.96
959.00
39.35
118.46
235.67
278.64
203.98
246.79
43.16
1062.40
153.11
279.84
38.00
50.50
312.44
250.97
260.47
65.27
176.91
88.75
153.11
69.92
1578.56
98.44
423.46
2929.19
236.56
61.00
66.51
390.26
116.27
9993.71
116.18
124.60
308.08
150.19
196.50
150.28
296.84
565.11
430.22
15.76
190.87
120.00
521.65
253.02
290.06
4999.58
23.18
329.33
292.42
79.53
974.76
632.86
1382.00
194.13
19.79
163.30
126.94
545.64
13.89
85.50
47.85
396.44
154.55
1101.98
422.59
321.85
185.49
96.80
19.36
402.00
1472.29
152.15
412.92
74.38
1285.35
675.97
1383.45
354.25
603.93
210.60
143.00
1001.82
327.02
57.91
26.64
9197.96
1741.07
289.47
50.02
396.24
488.56
95.71
3079.08
345.50
260.97
75.00
30.50
154.86
279.76
452.84
5118.90
7.37
165.11
16.99
278.15
627.94
10.00
129.36
2667.35
173.67
77.31
302.44
166.76
16.04
21.18
110.04
104.00
2411.99
335.26
714.64
51.92
2608.90
236.26
2480.93
256.81
13.25
1051.65
79.81
89.87
1478.02
40.77
2447.01
4659.78
651.04
81.49
100.11
104.40
4172.40
9.00
3408.89
297.81
113.30
604.62
65.50
251.62
280.67
957.53
183.38
143.90
69.55
77.75
258.44
1307.85
430.23
93.07
277.16
128.14
51.84
226.76
1072.26
208.35
54.59
133.26
380.05
162.12
61.25
107.19
67.28
377.74
162.47
48.85
760.27
129.97
102.95
67.37
213.02
392.05
20.32
1272.86
185.09
1619.11
358.44
163.17
200.02
130.30
42.65
75.15
365.53
15.00
75.16
118.83
372.59
1777.29
194.82
206.10
51.85
5.33
155.96
197.81
89.74
55.85
76.54
330.80
309.45
169.00
619.65
102.62
110.46
40.99
23.49
846.49
123.45
134.87
10276.19
369.64
111.99
600.90
413.46
10.00
58.25
189.89
57.79
234.50
654.10
220.51
480.66
242.30
100.16
83.35
224.13
26.91
311.69
10.85
184.88
292.85
17.69
123.63
291.77
80.03
651.53
75.16
88.43
241.98
298.80
2567.19
880.16
137.54
15.65
1534.92
67.47
1216.18
12285.04
129.41
155.83
146.40
161.52
17.78
2412.15
191.67
388.61
145.66
68.68
77.90
55.48
104.13
3920.07
135.86
715.81
75.23
242.03
1560.19
99.26
1721.31
146.03
1070.68
746.85
144.50
4718.15
571.67
78.47
196.55
84.02
15.29
63.50
140.67
16.00
757.15
188.97
48.76
64.70
266.95
1372.31
300.95
203.18
882.32
53.44
30.00
127.85
2931.04
345.38
125.36
236.55
504.56
413.13
409.23
25.00
323.64
59.16
168.56
309.40
8.00
177.02
963.20
4412.21
57.91
18.05
252.42
1723.45
141.65
447.45
240.21
152.23
315.63
111.00
74.37
17.84
110.55
124.05
562.18
963.46
75.16
1162.81
63.85
153.84
7345.34
9.78
370.38
241.10
191.38
401.99
808.09
105.52
24.97
143.40
252.67
323.91
337.93
8.00
144.47
457.55
392.31
57.58
2938.53
81.04
18679.46
315.77
397.58
60.79
2739.16
58.26
1535.23
80.57
53.44
12746.30
109.03
208.92
80.45
12.56
388.62
585.45
70.51
1087.21
2130.89
88.43
189.83
125.48
583.69
603.38
354.64
939.04
238.92
137.93
97.92
20.01
49.89
208.66
71.90
981.05
171.52
109.11
238.76
174.70
71.07
155.95
92.09
201.40
243.11
20.01
130.24
10.55
133.33
282.67
135.30
13756.76
96.94
154.78
444.57
493.40
85.88
127.46
4312.34
1839.15
15.30
289.19
236.17
185.63
167.83
2134.93
81.04
2158.34
164.05
145.27
989.00
558.44
135.97
75.16
11.04
16.79
4.00
2397.18
1268.99
149.91
2343.28
409.57
450.48
47.85
165.11
1933.75
258.57
66.65
559.77
296.83
731.40
36.95
8.94
289.37
388.16
1959.65
114.67
115.30
19.76
691.79
209.81
55.00
235.93
271.60
365.00
35.78
4579.96
125.46
171.57
635.44
1050.76
200.30
771.02
17.69
1673.92
403.04
756.25
217.79
41.29
8696.42
237.17
171.03
630.97
2702.82
684.82
260.42
195.48
234.52
157.68
502.29
239.97
1346.03
64.70
1873.66
361.25
9.77
2655.06
206.05
269.64
220.71
35.02
60.81
29.30
3406.88
1023.14
79.16
74.04
422.13
171.71
35.02
36.20
81.73
1676.37
323.40
63.58
69.55
189.83
3256.91
60.21
4274.88
133.81
96.25
162.80
768.10
120.77
139.63
155.91
630.48
669.38
46.34
1146.05
285.91
327.16
14.74
45.88
47.85
2382.84
234.02
20.04
134.71
33.53
100.88
5742.03
1277.75
198.10
16.39
33.20
63.65
70.19
239.79
120.26
1283.39
76.27
2517.00
235.90
814.39
242.76
68.05
38.39
139.36
112.52
17610.87
217.61
79.46
133.84
790.87
274.77
2.45
411.00
1935.47
408.82
86.00
111.89
91.68
17.99
112.99
58.26
148.66
125.26
76.90
124.43
168.76
126.96
4.00
187.77
47.85
107.45
151.67
1633.25
118.87
249.46
480.66
137.37
1082.51
4.00
459.79
515.91
50.51
57.55
1707.00
1373.43
491.34
373.75
72.89
275.05
220.90
97.94
107.18
51.84
13.43
211.44
157.80
69.49
68.63
100.88
55.99
59.78
635.72
1814.85
928.75
69.49
129.62
108.60
534.15
196.14
122.01
1739.66
91.25
109.83
182.56
264.37
664.08
100.42
203.26
281.08
297.63
107.23
496.41
253.44
254.77
110.82
212.43
132.01
104.04
47.85
659.09
85.00
104.09
66.20
73.50
4.00
1204.11
143.78
478.43
621.73
57.49
114.49
294.60
97.26
10945.99
2038.06
322.27
25.47
198.87
140.21
931.10
24.92
57.39
163.18
244.30
679.73
297.80
191.44
312.71
544.78
16.86
3771.21
241.64
345.61
529.67
59.71
73.56
122.24
130.00
51.84
247.61
791.50
142.33
46.00
1475.24
495.82
612.42
222.72
51.92
23.16
23.60
49.83
100.87
159.06
145.32
129.80
122.94
208.35
498.62
4.00
35.25
260.17
1365.31
767.65
24.09
18.50
301.42
128.64
30.50
891.69
63.90
105.52
724.95
176.44
930.41
857.52
7095.43
88.50
10181.34
555.00
39.95
65.48
73.82
85.56
5856.82
120.40
47.85
133.85
1528.29
1076.97
55.00
333.09
96.69
189.83
85.12
252.88
666.87
277.00
68.72
662.30
701.55
190.57
4976.61
179.27
1240.87
468.44
95.70
192.77
51.84
263.56
314.35
1259.45
154.55
2921.65
1586.32
22.37
90.00
124.35
7554.87
22.69
89.44
467.37
544.10
43.84
188.45
205.59
171.45
354.33
33.37
50.66
4.00
44.95
40.56
911.58
760.88
69.55
93.51
1976.26
36.78
325.19
501.67
209.46
10.03
54.81
2475.82
2234.41
6.73
260.80
547.33
1354.39
47.85
100.88
69.83
1491.78
125.99
78.59
8.00
30.73
324.03
87.01
143.48
792.55
23.28
61.45
407.98
5.00
243.05
281.89
39.05
148.54
287.14
207.94
761.24
233.53
2650.88
322.21
314.50
1146.77
359.97
950.67
412.16
43.16
8.00
1014.99
488.41
280.71
326.60
114.69
668.83
10.00
129.00
2662.37
18.97
10.85
317.33
261.39
77.89
12.04
1336.16
67.10
69.55
249.53
75.16
97.21
2422.73
255.19
243.70
206.06
4.00
491.65
30.00
341.24
248.73
1611.85
563.73
319.78
456.97
51.44
18.97
282.16
139.68
19.36
104.00
121.73
9678.78
886.27
372.80
1541.42
520.41
39.50
57.96
392.63
914.06
140.52
940.90
104.25
137.07
106.78
194.08
69.55
194.06
160.02
5669.15
60.45
2975.09
1042.03
197.05
12.30
25.66
15.70
121.74
753.65
326.36
250.75
225.03
9.27
353.44
762.31
717.60
451.54
126.31
993.39
96.86
15.25
47.85
4.00
108.09
158.49
273.79
453.63
257.00
4.00
1520.68
432.64
101.88
263.92
73.96
75.00
239.70
404.70
146.40
175.75
1294.06
603.26
124.77
1773.64
218.48
565.06
14.75
50.00
75.23
1112.34
199.76
87.16
57.98
54.66
4049.89
1107.30
104.63
84.00
380.96
341.23
287.23
149.46
144.48
43.63
344.20
236.85
205.00
91.51
310.51
133.84
1313.27
95.44
277.10
1193.11
94.49
160.03
9.09
99.26
1173.80
13342.98
161.18
389.60
9.00
553.31
843.71
432.40
193.82
227.52
311.00
10.00
41.97
411.46
1353.46
214.06
136.37
262.08
124.77
101.70
77.89
114.52
66.51
646.73
319.70
153.79
293.64
305.47
293.55
5445.04
123.89
150.99
2358.40
30.79
843.56
99.91
192.08
69.55
241.45
21.36
30.00
152.15
137.31
452.44
38.02
110.29
30.91
30.65
725.47
2343.17
116.71
413.43
167.07
276.98
87.00
110.27
170.00
303.00
492.33
81.69
10.85
579.95
82.11
89.64
559.71
2488.05
96.87
91.42
47.85
51.43
100.54
243.15
47.85
1647.46
75.16
372.22
145.42
3514.23
285.60
66.51
409.55
111.93
760.01
53.19
4335.08
569.40
14.00
792.45
15215.71
530.62
90.15
432.56
63.98
4.00
523.30
413.70
5.00
381.24
218.51
117.96
105.16
44.50
154.65
115.40
69.55
140.46
67.85
155.58
216.03
74.50
765.90
368.12
183.26
104.37
69.55
64.51
32.19
7605.79
848.57
301.40
549.78
234.86
6.12
18.13
414.07
133.09
30.79
377.60
105.38
125.22
201.40
585.63
99.55
33.37
60.00
506.01
245.64
76.66
172.60
113.97
134.99
119.60
387.17
1089.34
21.30
448.84
68.45
187.58
31.88
21.32
42.72
32.73
6858.62
37.58
367.70
148.89
310.70
4.00
10.00
140.08
55.26
69.55
55.06
24.18
60.00
347.88
757.67
188.59
21.85
1080.34
47.85
671.44
303.98
55.00
90.86
21.46
233.64
72.87
130.90
69.55
91.75
214.74
1067.00
2350.79
145.89
63.65
69.55
47.85
174.16
71.68
515.55
306.17
76.66
60.00
29.93
276.39
1450.25
238.57
36.90
380.48
174.28
294.98
51.03
97.14
222.80
859.72
406.43
52.73
95.17
1111.26
158.24
1021.23
65.55
1275.43
133.79
130.97
1059.27
987.72
1386.48
105.81
311.69
61.70
6912.93
1162.98
10.85
8765.63
324.80
14919.02
6098.93
141.12
316.20
84.45
112.77
135.83
3900.13
215.75
43.99
25.88
109.93
21.70
15413.02
33.37
945.36
20.00
10.25
142.89
90.37
460.04
96.21
57.91
440.21
192.41
70.35
47.85
99.44
69.55
248.07
9959.29
229.84
1934.19
538.45
2699.84
12017.55
690.26
1549.20
460.21
72.69
3565.15
2901.98
310.99
61.93
988.57
216.07
457.23
8471.92
5.34
692.93
157.97
47.85
2771.43
250.73
13.41
752.92
50.00
631.70
430.34
36.90
393.35
182.10
1139.70
928.21
113.54
77.58
4.00
486.18
100.47
98.87
1095.58
131.16
32.78
282.06
20.20
241.51
167.11
152.59
228.75
289.06
124.23
585.11
191.37
164.91
35.25
43.50
38.97
76.00
5.75
136.43
934.05
68.90
50.56
139.28
426.03
417.18
64.50
121.86
226.46
253.97
3731.72
368.23
81.22
375.85
44.89
97.05
27.80
413.54
93.54
292.92
30.50
309.64
88.36
87.54
335.96
96.09
47.85
16.93
88.43
322.88
180.89
65.48
63.41
41.53
39.09
1844.96
58.44
36.62
96.51
21.28
231.68
121.24
854.91
33.89
64.02
371.14
303.04
90.67
323.05
15.65
16.49
217.42
173.89
440.00
899.67
43.16
68.90
113.46
476.81
116.84
342.57
4.44
440.37
47.85
75.16
29.21
137.68
19195.43
116.71
45.00
105.50
500.00
111.00
1782.92
61.71
80.45
129.71
226.97
79.63
140.46
2707.14
1318.36
59.45
711.60
14.00
412.05
30.00
10.00
6370.55
93.33
109.05
30.00
9.00
126.64
3181.94
152.18
1511.18
60.43
662.69
190.85
182.51
514.06
428.77
170.20
144.55
19.36
430.71
149.13
2282.39
14.75
419.43
85.68
402.93
73.86
4.00
193.26
10.00
124.60
43.75
5891.17
47.85
173.96
159.89
311.69
169.54
29.21
273.56
62.30
179.78
36.08
1096.95
16249.81
121.94
40.06
333.64
240.00
3305.78
33.37
74.40
69.17
95.51
533.15
1372.47
213.21
1011.57
324.37
745.36
41.04
197.59
16.37
207.00
109.79
419.82
113.45
246.97
210.75
14304.83
14.95
619.08
1014.88
362.82
71.78
68.12
327.38
274.15
69.44
146.88
100.20
163.13
388.48
320.46
287.19
13.84
10.55
1104.80
37.81
491.42
197.00
261.70
225.21
57.91
217.98
344.44
1064.47
70.04
31.35
69.55
1166.35
8348.62
171.07
70.00
102.74
180.23
77.06
908.27
47.85
506.19
596.00
114.68
230.71
471.14
55.60
6.20
2186.08
115.26
359.27
137.74
77.22
30.00
51.03
807.20
294.67
187.58
3489.19
33.89
121.66
10.85
271.63
1950.91
122.97
120.00
4632.83
529.97
296.26
165.94
55.00
12958.72
144.80
664.90
597.94
60.75
178.68
10.85
36.90
1080.90
995.41
141.79
260.72
225.00
395.65
19.95
76.82
1587.03
73.35
216.99
170.76
9.00
54.33
130.45
4.00
136.45
86.40
513.51
181.42
972.09
89.11
426.02
15.00
49.85
18.81
1396.89
14357.80
81.26
69.59
835.29
182.19
47.85
822.62
616.35
780.15
464.91
308.90
159.80
25.00
514.89
470.81
158.91
37.81
1178.00
110.23
45.49
93.46
31.40
50.10
47.85
66.51
43.50
279.20
291.75
685.35
752.96
73.54
19.96
78.04
90.16
1169.20
687.78
388.15
174.11
1164.90
336.45
69.59
361.74
122.21
22158.85
2214.51
445.76
13.25
47.85
64.24
54.25
188.73
1808.68
1258.88
163.78
637.15
56.45
73.01
47.85
614.05
145.88
62.60
4.00
1222.55
11.45
2490.39
788.02
130.16
37.58
297.63
1279.12
12.54
400.22
297.44
2280.29
80.15
1.30
452.05
943.65
333.26
104.67
213.61
47.85
3535.41
30.00
65.45
2978.01
288.75
13.58
567.53
33.70
174.53
194.44
177.31
178.64
95.44
130.85
210.68
706.09
115.62
30.65
39.69
19.25
446.15
10.85
6343.03
233.88
131.40
68.05
425.73
241.36
443.77
249.64
34.70
69.55
4332.24
3454.09
380.24
643.83
293.88
1255.83
140.62
4.00
7.10
199.61
13.95
150.63
111.21
45.51
69.55
10.00
106.04
1550.06
147.07
146.18
90.42
2393.99
7093.51
117.30
432.16
140.47
564.46
485.19
163.48
35.02
1033.04
424.00
5257.19
264.53
184.64
82.49
291.90
212.29
62.44
4.00
12.51
77.00
230.78
190.26
151.19
558.35
58.26
881.04
47.85
104.76
1075.20
18.05
37.92
10.85
30.50
866.54
151.99
567.50
136.04
39.77
232.61
240.24
81.68
493.17
891.17
201.25
536.76
37.22
446.13
240.42
718.38
608.52
58.17
1192.95
90.27
154.76
40.88
46.25
197.57
161.80
471.27
206.00
47.85
418.05
20.15
230.06
218.65
115.53
7.49
30.00
56.72
29.89
293.30
216.50
108.76
118.14
197.38
42.88
96.69
57.91
288.87
27.75
4.00
265.06
169.40
406.69
42.94
1746.64
7714.41
278.38
166.55
673.20
50.85
100.53
25.27
191.36
5.75
1441.42
722.02
330.49
492.08
683.78
1178.12
120.08
114.30
720.20
9365.31
33.37
66.51
26.75
20893.65
70.25
535.61
83.55
66.51
569.61
272.53
264.41
127.32
208.00
1036.61
101.46
54.90
113.38
114.22
12.04
31.14
730.06
168.84
30.00
1396.92
554.72
178.29
819.10
791.01
192.21
923.04
544.61
473.84
306.62
66.51
915.58
398.66
1420.45
66.00
794.36
75.41
68.91
7.69
49.37
74.37
169.25
86.81
337.82
1235.49
136.79
1889.89
59.45
491.87
37.58
516.82
1550.53
12.04
209.68
94.61
389.74
151.37
437.84
190.47
16.93
11.86
69.55
288.49
37.58
176.87
162.96
1154.85
67.75
37.81
276.36
97.21
137.60
53.44
150.98
104.25
35.02
6.78
49.28
5796.77
27.20
601.02
151.96
29.03
495.85
51.85
626.89
338.40
61.40
69.68
683.35
182.30
251.99
189.83
94.04
101.64
121.63
510.44
106.00
555.18
4.00
1501.39
401.00
148.12
2825.59
30.00
301.94
563.39
68.57
78.09
75.16
47.85
32.82
235.93
173.43
428.63
304.43
128.85
616.15
136.48
34.75
191.20
73.55
299.61
712.20
47.85
1463.72
581.22
274.49
409.07
487.95
47.31
76.80
28.46
44.99
2642.01
104.09
372.20
303.88
799.61
122.30
19.73
430.11
278.98
120.94
120.17
39679.69
208.31
556.05
42.70
556.02
70.69
621.00
643.14
47.85
10.25
352.45
1075.20
51.65
4.00
30.79
109.71
113.57
425.44
163.56
4.00
202.82
47.85
153.29
10.00
55.86
1035.31
9167.34
222.77
47.85
100.88
205.36
124.93
301.10
132.61
10973.60
838.40
129.22
63.97
303.33
231.95
247.31
95.80
30.50
300.04
148.50
219.96
352.73
359.33
387.16
35.02
410.04
253.68
352.34
6.08
1046.17
29.99
1824.14
46.91
138.38
401.56
67.25
941.37
86.81
231.51
93.68
38.01
528.10
218.05
182.31
202.20
17.13
125.12
283.87
224.95
47.85
84.34
113.38
199.21
275.95
224.85
1254.58
284.04
103.17
15.30
47.85
276.90
193.25
165.43
8.43
2935.99
1390.21
4149.02
674.01
386.64
145.74
455.81
523.01
15.10
30.00
150.35
635.13
61.00
1608.29
398.28
88.25
307.74
166.07
143.44
64.80
48.00
613.12
99.85
212.01
973.29
22.06
47.85
67.01
51.84
77.69
140.70
650.94
327.42
145.07
59.35
322.13
487.06
1647.54
174.49
3724.40
156.97
257.24
145.06
326.45
493.68
178.63
124.43
551.25
304.88
317.19
95.12
344.66
516.00
275.82
42.10
12417.41
822.27
33.07
101.00
140.07
149.65
182.63
233.09
167.31
109.49
8.00
2478.30
10.00
248.49
651.82
88.75
50.00
828.00
33.56
68.90
222.96
63.24
71.15
213.36
103.44
26.00
396.75
151.58
131.59
504.42
207.47
699.36
259.71
1135.99
174.24
8.00
291.48
690.18
282.40
1311.64
730.68
119.66
350.28
59.55
30.29
231.31
435.86
82.85
347.98
216.46
31.75
10.00
155.50
228.60
50.90
163.22
241.14
161.40
19.36
60.00
17.41
99.94
55.48
49.87
39.59
84.78
117.44
214.25
25.88
334.99
202.68
185.81
30.00
5343.15
77.95
161.37
634.50
47.85
108.23
300.25
52.16
5449.97
53.60
173.59
260.16
267.91
114.37
212.22
186.61
796.59
12.50
832.08
685.15
14.75
4.00
6328.07
64.03
71.16
656.10
3042.92
3427.22
408.89
1320.00
619.13
186.62
273.30
782.87
56.25
144.00
65.30
66.51
73.29
369.77
92.00
294.41
1572.33
25.25
640.59
51.85
392.84
170.47
100.16
66.51
189.83
94.74
273.26
23.50
876.36
527.33
237.94
1553.41
4.00
6.05
531.50
186.47
1851.11
226.89
89.91
8684.21
111.71
155.68
91.00
92.69
47.85
3643.49
233.71
10.25
856.55
168.67
8.43
940.40
30.00
104.28
6553.54
96.60
11.90
167.75
669.06
103.00
581.47
142.34
953.18
59.34
51.85
721.29
573.68
222.96
43.16
201.13
100.93
69.39
32.85
116.34
23.24
10.91
145.74
99.63
154.76
80.93
1312.15
35.02
825.46
101.56
860.33
106.47
50.65
8197.47
22.69
430.34
17.09
11.45
726.67
9.75
164.27
315.12
11.99
1645.86
130.82
83.27
16.15
178.96
5634.87
338.28
408.33
4.45
92.84
33389.97
107.34
148.27
39.01
25.05
10.66
59.11
172.74
13671.83
265.38
247.34
96.91
403.97
37.69
485.89
183.21
698.78
51.84
1389.68
301.91
1104.00
75.50
601.49
378.07
1538.09
1169.03
383.26
298.42
62.27
705.30
50.51
116.88
1462.18
17.70
65.00
93.16
491.53
76.87
19.95
33.10
73.17
35.61
89.32
47.85
123.42
380.75
143.81
623.54
12.95
257.66
682.65
33780.80
6073.95
117.39
100.35
31.30
170.37
1041.07
516.57
435.42
157.72
124.19
181.75
12285.19
57.42
505.35
100.54
210.64
378.07
1016.60
401.56
140.37
158.79
100.16
288.75
402.30
259.82
163.04
78.20
105.14
402.15
158.19
309.12
0.01
1166.97
38.86
145.53
308.67
2357.72
0.01
81.87
2076.76
126.45
135.00
11598.00
139.64
522.81
228.81
70.84
68.05
21.88
39.31
264.92
510.35
46.09
71.00
47.85
2143.60
455.42
218.10
88.56
88.49
409.03
55.86
155.48
286.49
257.37
69.55
5062.07
290.81
48.26
650.90
10.25
72.35
73.54
8565.58
43.49
91.43
88.43
144.95
429.44
1701.18
10.00
630.16
22.97
106.04
990.46
1104.77
544.91
710.29
530.54
149.16
78.82
181.45
1547.22
188.72
510.51
671.57
698.89
113.39
4.00
118.24
132.87
1908.87
51.30
47.60
139.05
14.98
105.60
127.06
138.30
717.85
518.42
12133.09
260.73
20.00
19.25
0.01
166.35
81.01
40.61
230.99
134.53
71.79
224.40
211.46
426.37
2117.19
164.35
84.68
264.73
2082.16
114.81
338.40
265.98
701.23
94.34
15478.28
243.19
69.49
30.00
50.41
140.24
145.95
71.03
145.54
248.93
118.79
135.81
1027.50
280.41
3949.97
40.00
14.30
935.57
37.66
61.80
67.54
168.30
231.78
89.61
240.13
101.00
89.35
1349.06
137.11
225.85
88.43
279.22
34.45
615.90
26.38
10.85
63.41
188.71
523.60
144.40
246.78
256.41
1010.68
54.03
241.40
127.38
233.35
220.43
292.15
304.12
24.99
119.73
698.53
145.76
126.14
29.98
304.04
68.90
194.67
114.27
340.35
18.23
322.62
9.44
355.82
302.67
113.38
19.95
57.91
940.74
473.62
10009.31
155.10
69.54
232.52
25.24
87.49
75.16
1127.97
9049.36
344.51
155.00
2455.36
245.53
182.55
230.89
142.45
516.30
46.99
46.61
120.83
108.60
1588.41
72.41
75.16
598.80
360.53
260.71
20.05
35.25
829.32
210.53
219.90
1702.54
105.17
151.50
1086.23
66.40
463.20
156.85
10.00
504.36
191.34
214.66
85.98
806.90
4.00
30.79
544.24
33.86
555.58
237.32
164.37
75.26
179.29
211.67
154.99
276.53
141.71
2047.27
2163.91
191.01
699.49
52.82
195.50
379.01
1098.28
397.86
83.27
63.35
288.33
675.30
1736.13
193.86
121.57
45.75
116.87
519.74
182.28
47.85
149.16
158.30
41.37
300.88
48.35
696.06
2022.23
155.02
131.22
10964.05
47.85
114.37
21.33
30.44
30.00
8095.62
145.18
127.40
70.01
1115.05
43.30
197.12
389.15
246.28
690.00
107.74
168.78
405.33
459.00
15.00
1610.53
58.18
75.91
113.26
65.00
1065.33
157.98
328.56
95.76
386.70
131.84
150.71
120.23
2380.23
91.84
9.75
256.31
155.93
24.99
322.81
725.08
207.06
196.99
4747.88
129.67
10.00
64.71
585.92
318.46
505.34
119.09
4.00
409.82
11.10
118.59
256.80
95.48
359.83
133.55
12.56
35.58
15.65
198.25
548.48
444.78
291.05
2040.29
919.96
20482.20
5818.20
239.73
140.14
3573.40
588.87
245.54
119.58
43.49
341.01
36.50
10.00
308.67
33824.97
47.85
533.88
235.67
32.99
62.15
384.74
131.36
233.27
3053.89
52.00
159.68
116.68
2590.42
153.89
29.81
389.86
2.44
632.16
106.04
1494.34
11.25
3526.40
220.32
104.69
344.03
139.83
71.01
26.28
222.54
1943.43
110.50
13.41
359.94
47.85
383.83
267.40
13.24
230.85
160.00
5831.91
7639.85
132.13
114.48
1382.41
9.26
172.55
329.19
211.48
10.00
973.38
994.08
147.16
191.36
1458.62
8790.50
110.50
27.44
7332.59
50.26
3694.71
493.80
215.05
88.07
178.85
591.33
25.33
2179.24
753.44
47.85
1048.50
72.09
61.71
1281.29
160.17
19.95
66.51
121.16
150.34
770.59
60.93
14.96
115.95
95.62
57.96
454.44
2117.58
228.49
241.68
40.40
284.70
155.37
177.79
51.63
869.53
106.60
73.84
192.72
232.81
4.00
73.01
293.81
39.31
110.15
71.26
42.43
232.85
3277.49
225.87
210.48
213.70
43.25
384.38
36.10
167.64
152.24
942.99
308.65
429.53
183.36
220.00
121.44
38660.29
10.00
131.67
2771.20
9.95
670.49
1076.95
282.59
151.08
3606.90
204.85
377.53
1203.23
75.26
68.64
159.51
1685.77
342.00
31.37
325.92
204.00
333.97
47.85
252.54
16.25
845.97
225.50
307.30
4.00
2530.46
52.88
121.14
470.00
85.24
93.46
51.85
20.48
160.75
1369.91
52.36
228.35
47.85
138.52
418.81
1334.29
75.16
481.42
147.12
565.33
48242.76
94.78
147.53
127.81
2167.79
572.24
17712.36
316.48
2490.02
488.10
258.00
316.70
2391.85
1656.48
14631.80
10.25
329.55
16.93
75.35
140.89
180.31
1162.69
138.44
745.42
51.84
140.89
20.21
122.22
208.68
19.95
1303.80
488.16
49.89
294.40
629.50
133.35
200.93
193.25
69.59
173.01
100.51
107.36
15.00
17.18
140.42
10.00
29.50
70.00
31.97
75.26
376.10
30.40
65.74
988.62
82.62
567.21
319.69
151.50
104.61
106.56
713.44
1362.45
151.44
98.29
4933.65
429.00
144.00
463.19
386.94
131.71
8.00
134.69
797.53
6183.49
110.88
179.49
612.06
829.16
301.12
1145.63
205.11
30.50
440.37
215.35
187.83
559.79
47.85
2979.61
98.07
104.69
67.01
814.36
209.24
882.80
206.53
1435.09
377.19
935.31
359.72
100.90
364.78
124.05
589.81
10.00
152.74
695.97
183.32
295.41
589.11
853.23
120.62
178.89
417.66
144.91
21.32
63.07
40.72
3934.67
100.45
11804.08
142.27
470.51
20.60
28.62
75.46
282.26
206.27
57.00
545.75
72.39
253.41
246.24
308.01
24.00
252.66
34.15
42.33
47.85
85.64
60.00
139.98
68.37
337.80
10.25
580.10
1297.01
8340.79
312.29
10.00
116.02
3.44
76.63
774.74
209.07
611.34
189.99
516.52
1133.75
88.07
1449.85
43.09
279.07
185.10
23.75
100.88
455.92
107.85
15.00
283.39
146.67
1389.88
123.01
24.38
52.50
390.78
759.62
45.08
199.88
464.57
791.59
156.83
21.10
130.48
633.43
68.32
73.10
166.74
189.07
507.64
103.48
65.84
492.73
211.16
475.25
259.52
61.25
762.69
1846.17
55.79
8906.91
137.38
125.92
137.78
2752.86
667.09
69.55
917.59
1687.05
291.61
291.11
2077.89
511.09
10.66
366.14
70.55
2411.67
1322.40
260.48
55.60
106.04
196.44
711.44
98.50
329.28
103248.10
551.57
556.07
955.13
19.95
182.50
162.75
4183.54
94.78
186.61
83.56
1101.53
89.32
83.96
1487.51
236.42
359.31
879.07
201.29
69.55
104.69
69.49
106.00
143.68
1764.93
128.65
409.20
455.91
204.13
2209.30
493.18
126.99
84.00
131.00
1160.50
818.66
144.97
752.82
18.15
458.58
665.57
40.84
267.46
392.01
652.43
126.46
82.41
57.85
21.00
887.40
115.66
132.21
277.13
9391.81
216.20
3766.72
232.66
111.29
400.85
138.66
4.00
30.05
84.15
26.06
401.78
250.10
221.62
115.52
287.24
217.38
550.75
256.15
495.36
551.61
741.56
275.04
656.56
83.37
357.82
29.81
542.66
1156.34
2232.20
491.66
1.67
90.00
154.42
826.89
72.79
2431.85
294.96
467.01
27.35
13.65
10.85
35.02
209.25
477.12
18.77
745.87
249.77
76.61
1003.08
13.33
206.19
151.56
95.38
63.41
223.45
4243.49
47.85
457.79
90.99
302.59
690.93
64.49
16.00
215.12
66.51
1911.63
19.84
276.97
916.07
386.64
104.40
14.09
47.85
5.00
296.96
63.41
340.92
186.76
249.57
282.70
1860.93
203.47
16.69
156.90
79.02
274.20
604.34
10.66
62.37
538.09
1794.38
158.71
57.91
815.13
1577.81
15.82
20.14
99.55
13.95
76.18
246.62
62.96
764.93
293.54
213.49
208.00
1210.20
137.38
243.42
19.56
279.69
128.34
186.23
78.25
643.34
92.16
2116.06
13.00
4298.19
302.65
253.13
37.43
222.26
511.94
3110.73
224.79
93.00
4089.39
37.35
564.98
142.06
31.05
602.35
115.16
112.70
158.04
21361.26
4.00
311.26
94.03
265.99
738.13
226.31
182.15
225007.28
140.77
116.52
204.47
93.66
364.68
3174.63
142.36
8073.32
130.35
203.66
6194.89
135.73
93.66
79.05
126.04
1567.51
9.65
82.02
8122.01
125.70
58.36
135.73
277.59
138.45
255.00
163.50
200.00
126.99
84.17
605.96
100.88
91.97
32.89
91.01
49.37
256.21
1144.95
108.21
235.00
468.27
10.91
114.00
47.85
68.85
193.97
1585.06
172.01
47.85
64.50
186.61
4.00
52.16
294.45
88.77
63.00
452.69
47.85
1265.44
319.50
137.53
90.79
410.37
503.02
320.39
228.95
13.85
36.05
47.85
4.00
611.05
371.55
68.90
104.25
188.49
393.88
106.03
145.08
126.63
19.85
66.52
154.55
285.12
40.61
169.55
456.05
138.45
70.93
1139.81
57.58
92.56
141.63
63.50
357.04
160.22
9.95
71.51
416.00
115.94
10560.63
151.68
185.53
173.25
1597.26
141.96
71.15
346.54
38.05
62.73
267.38
1546.77
113.97
189.94
1162.07
206.51
511.07
63.41
874.57
117.96
1144.52
115.00
84.05
48.85
154.37
106.47
716.46
66.51
47.85
133.45
37.74
192.78
1117.10
15.25
65.00
119.21
122.91
134.46
486.25
1010.67
205.41
583.91
40.77
187.31
230.36
127.84
96.59
835.52
391.14
155.10
77.50
115.76
1799.32
632.14
100.12
118.66
340.34
57.91
95.92
147.31
71.51
17.85
1208.63
94.78
71.90
244.47
2076.19
107.47
132.85
2028.66
11953.31
88.35
257.87
96.36
94.60
163.23
443.07
834.71
3357.94
707.25
335.54
154.38
241.74
190.21
187.84
1385.17
71.77
153.65
121.85
106.00
177.25
249.72
101.48
3500.94
593.67
23910.25
182.96
956.55
101.29
10.55
217.04
115.41
208.49
314.92
160.16
1305.74
84.66
104.61
510.42
21.22
85.60
408.73
438.96
107.87
943.55
293.81
209.71
13800.85
170.10
970.80
627.12
281.57
223.51
597.18
138.45
476.59
222.23
13.65
305.67
346.90
235.71
78.16
464.00
10.00
36.14
56.75
150.12
103.25
154.16
14.31
5.75
1024.94
92.00
6064.29
366.02
116.49
5624.38
115.79
15.75
113.25
632.02
1203.45
86.94
97.81
956.75
76.64
251.43
133.12
206.11
218.22
113.25
75.23
6.99
21.95
63.07
415.10
77.85
150.86
109.09
267.13
86.13
62.96
252.16
12.05
454.14
119.86
156.73
229.00
59.34
1113.25
29.00
232.96
40.99
46.49
188.72
50.24
540.52
277.00
156.57
253.70
25.16
75.93
135.06
376.19
511.06
81.01
1607.05
124.56
195.97
107.53
83.95
214.81
89.27
2512.34
12864.85
509.03
200.59
61.46
754.00
180.87
14.20
891.33
125.63
4532.31
418.13
393.01
182.57
32.73
79.97
333.38
538.24
30.50
32.77
125.00
55.48
3.24
62.91
1076.80
262.12
7.50
122.77
276.00
30.45
222.30
203.24
235.90
280.38
202.40
123.08
424.54
180.67
91.97
17316.43
866.29
96.60
1251.33
106.10
86.70
8193.75
233.30
1074.01
478.19
301.71
851.51
128.97
199.46
1885.39
766.57
11.00
385.65
556.10
46.27
20.00
105.90
50.39
123.72
141.71
49.27
47.85
1208.37
147.79
117.34
47.85
9.00
6307.91
78.01
128.87
81.51
172.09
143.89
329.52
378.06
122.01
787.29
264.10
33.05
383.23
389.02
3409.11
5428.38
66.30
221.75
347.19
209.64
58.26
127.85
434.26
93.22
921.09
70.30
610.09
207.51
455.11
9381.35
7210.04
623.14
106.21
433.29
174.50
58.26
123.11
717.15
409.28
40.30
235.28
1066.52
168.54
84.26
95.79
82.51
313.47
1109.48
105.20
303.59
773.34
4518.99
277.00
66.51
246.73
182.78
75.26
229.78
321.51
1704.00
316.13
84.05
5440.49
76.87
124.56
209.61
1029.76
141.51
284.37
117.78
1151.25
111.94
9333.35
1067.74
9042.50
162.26
53.56
61.02
237.12
201.01
129.61
546.75
36.88
234.83
84.05
9.00
180.13
509.91
3519.34
1484.95
1632.24
2627.41
98.49
174.14
1804.34
3105.38
5.00
2436.40
154.17
304.78
65.11
212.92
1197.16
25.25
18.00
66.10
66.45
83.50
9.00
62.08
464.92
510.10
79.37
18.05
26.73
186.08
471.50
455.75
1050.00
448.27
158.10
2692.74
5575.39
334.76
125.75
120.00
22.42
16.25
51.73
4.00
475.93
88.44
102.07
66.51
212.83
130.29
95.92
30.50
76.66
10.00
323.76
8.00
12711.46
9.65
89.02
254.13
56.12
4.00
96.68
5.75
341.90
87.56
378.00
272.90
421.16
10.00
588.81
296.46
66.51
274.84
86.01
83.48
132.01
140.72
122.91
213.81
278.70
118.00
701.02
1004.47
32.78
177.73
1628.00
1226.61
55.60
278.07
178.97
338.50
284.99
75.35
400.36
71.51
481.55
8.23
1126.24
687.48
1567.12
67.81
15.29
543.96
251.46
159.79
123.85
408.15
6648.65
602.57
143.44
118.04
390.30
55.48
270.51
468.68
216.02
203.22
198.58
229.79
198.15
269.95
263.42
241.47
104.60
20.46
1261.07
248.05
123.01
414.00
147.92
1281.86
61.00
37.26
68.65
47.85
19.00
521.54
1370.06
289.26
552.63
267.49
422.44
148.46
606.09
736.70
66.51
35.97
806.31
75.23
110.77
83.96
2017.42
268.82
71.35
21.95
898.00
76.51
11.21
132.39
766.50
947.44
30.50
621.75
295.79
322.09
330.44
1342.08
161.46
91.40
74.30
145.91
21.21
112.89
14.75
635.53
215.44
53.46
55.48
491.49
755.80
342.49
243.23
9.89
321.96
38.50
2516.17
1730.29
652.72
227.41
126.94
194.40
49.83
47.85
56.75
567.28
31.44
20.00
68.90
41.72
18.00
206.28
121.86
68.90
132.01
81.14
13.65
48.24
510.56
137.32
309.06
41.25
99.17
91.15
76.91
610.87
368.73
302.89
262.93
363.76
901.56
158.55
547.76
78.53
5276.39
228.76
772.84
13.25
123.01
98.85
1324.50
114.50
308.82
244.26
99.95
282.15
406.29
133.09
899.38
367.29
582.19
734.92
240.00
131.22
281.13
33.34
184.40
58.26
69.49
15.65
719.77
388.06
16.55
644.59
47.85
554.75
4.00
488.85
10.00
39.78
39.44
47.85
764.87
111.94
65.52
188.72
125.62
162.70
199.34
682.65
382.50
248.98
7.25
355.58
234.81
74.30
176.57
199.23
43.69
32.00
65.35
168.65
14.45
328.55
973.11
25.49
477.35
62.00
816.99
274.30
1224.54
276.01
2261.90
172.55
254.42
236.81
4.00
109.53
207.06
51.30
422.68
189.66
132.01
26.06
147.12
10167.25
1632.45
838.55
69.59
1015.14
145.93
301.65
80.95
143.55
116.71
77.14
55.00
85.31
13.95
8004.64
4.00
49.70
735.39
12.26
108.47
675.20
38.20
1227.62
102.78
41.54
132.32
135.00
161.61
149.24
94.00
281.28
182.92
123.89
83.67
153.28
18935.20
68.05
55.79
442.87
240.71
53.56
199.52
498.44
553.08
22.00
511.02
655.50
35.95
98.28
192.38
11356.12
76.09
161.24
68.48
443.72
298.09
833.06
60.85
462.53
152.66
96.66
76.51
110.82
46.14
222.96
180.13
69.59
248.96
513.35
16.40
431.73
1482.76
9.00
1499.01
777.80
34.65
872.66
88.14
876.46
169.07
1018.21
1160.37
629.04
25.85
398.22
28.62
139.00
41.03
180.03
595.07
96.48
4.00
169.73
40.72
1091.02
77.21
285.18
437.24
924.46
192.35
105.48
95.39
37.75
66.46
9.65
10633.00
149.38
1696.21
977.95
477.53
356.99
235.30
253.87
100.54
260.79
26.73
160.14
69.59
2130.82
259.87
125.88
52.16
238.38
83.83
1251.03
172.16
103.87
230.83
136.80
10.79
2149.42
157.97
114.73
170.37
20.04
693.00
195.83
177.26
25.05
198.01
84.87
280.97
168.72
209.03
66.58
35.02
465.14
632.24
91.51
6.94
573.70
2439.14
379.03
197.11
182.79
55.50
151.49
60.20
194.76
485.30
68.90
158.67
20.00
278.73
66.45
148.73
263.73
272.61
30.50
213.65
12398.47
57.50
918.23
453.71
169.84
485.14
262.75
10.00
155.96
25.27
734.34
822.25
148.39
180.00
57.34
9.00
378.12
181.44
614.45
79.12
366.27
79.97
28.00
1442.20
252.94
63.41
163.24
88.43
109.00
26.36
10.00
2823.24
194.90
124.25
3.29
71.51
922.39
1460.06
128.97
589.04
172.82
103.50
313.84
1295.56
24.42
6813.18
331.42
91.34
888.60
1269.17
109.90
801.51
263.47
47.85
210.36
322.92
268.07
114.74
464.86
2462.90
12.00
266.46
257.04
53.44
5928.96
996.82
211.75
70.71
25.59
581.35
184.88
308.86
96.68
71.51
248.50
726.51
121.20
2564.57
292.84
404.53
653.24
725.48
685.17
157.73
199.10
55.60
137.14
275.28
75.16
389.34
282.57
106.04
102.53
161.81
75.16
175.66
97.98
996.49
94.88
41.98
359.40
4509.04
75.16
127.31
691.17
67.85
20.99
809.60
353.25
1920.00
147.91
747.94
10.12
195.83
803.54
125.73
435.34
97.18
499.77
476.63
16.55
178.02
10.25
137.00
113.46
42.64
47.86
89.95
4.00
10.25
1097.91
164.54
119.00
76.30
312.38
39.05
36.10
351.55
56.35
403.42
170.37
152.50
322.80
70.38
50.48
69.49
74.50
76.88
237.35
26.73
158.02
9.00
4669.88
650.54
30.00
561.68
77.62
375.85
244.15
68.48
539.65
48.61
15.27
3407.80
390.34
271.11
206.99
269.54
23.25
798.44
4911.32
406.92
143.04
77.26
53.56
146.44
224.26
208.65
66.46
667.81
50.85
210.98
335.80
56.96
480.43
284.55
213.34
461.77
191.49
58.26
7.46
351.00
799.59
396.73
825.34
335.62
45.50
9323.67
199.81
329.45
1152.79
93.66
258.75
154.76
1515.95
29.93
361.68
2728.87
292.92
681.82
276.78
197.58
185.98
1255.53
539.66
301.17
126.50
129.48
508.14
235.93
170.37
413.03
2640.88
94.10
235.66
113.87
339.56
340.66
323.07
182.26
431.01
46.88
172.66
207.78
224.98
312.10
2813.29
162.75
1340.05
6.55
45.04
47.85
360.91
107.05
66.10
181.46
230.49
103.72
607.47
47.85
30.50
181.39
65.11
729.30
262.89
131.32
53.56
1250.35
15619.79
598.32
369.87
186.21
95.92
51.29
4034.69
789.83
129.95
98.93
141.81
1012.20
4212.46
233.70
49.37
179.35
90.79
1221.17
32.44
1214.85
214.52
197.82
232.11
1145.10
66.10
20.60
267.74
1953.80
230.96
714.69
543.24
15.00
319.02
3456.95
198.72
63.12
165.61
272.03
214.63
26.41
1503.58
50.24
114.09
89.36
133.67
138.05
231.83
15.45
19.78
66.00
114.96
4.00
111.94
40.72
91.50
76.87
47.85
84.38
1692.69
22.60
1230.25
80.96
60.56
128.70
215.00
81.05
68.48
641.86
55.60
342.95
170.52
9.95
121.24
1518.50
47.85
341.14
203.90
39.00
196.67
132.01
14.00
7.62
108.89
55066.50
144.25
123.11
208.30
309.87
59.36
57.68
118.59
282.00
47.48
77.69
832.87
150.42
25.05
361.85
151.59
267.04
160.85
2373.12
88.73
11.00
273.24
393.11
277.47
892.37
23963.91
2879.94
248.63
301.67
1178.37
62.02
649.86
10.25
261.44
223.52
19.25
193.82
245.53
427.34
152.37
131.02
63.12
93.69
406.12
13.85
29.45
1946.61
131.56
382.23
39.81
207.17
47.85
71.46
28.99
767.47
997.53
826.63
14.96
61.68
206.00
62.17
118.27
430.94
119.19
135.20
75.35
387.62
195.83
35.02
28567.75
15.84
424.02
345.48
4416.14
454.49
293.21
159.69
430.73
1300.57
376.52
11.75
99.51
81.20
176.69
2319.10
259.93
138.89
1144.64
12.00
613.56
404.69
132.85
743.06
839.81
650.76
255.41
18.80
1325.24
1873.79
125.48
149.88
98.99
904.61
36.52
67.54
217.24
118.79
158.30
72.85
11.00
354.74
313.35
75.35
403.58
120.62
1087.76
47.85
409.05
106.04
75.26
116.83
297.14
69.50
285.50
29.00
22.97
415.08
1217.07
337.00
166.48
100.00
1693.98
262.98
162.90
93.66
341.50
136.29
919.54
139.34
66.34
913.01
398.94
113.00
386.74
1087.41
526.85
66.25
192.31
62.69
135.00
290.03
71.73
344.77
852.97
0.01
1865.32
227.23
12.00
26.75
4279.12
561.47
132.01
160.26
129.77
567.05
199.18
604.90
25.39
107.95
876.78
147.92
75.58
95.37
98.44
68.05
11.00
761.78
43.21
47.85
377.31
164.50
68.64
105.33
133.10
136.00
47.85
192.99
643.50
181.23
41.90
860.39
114.25
5467.89
789.57
693.62
284.33
60.00
197.23
32.22
3788.00
425.17
990.79
42.06
111.37
257.21
99.49
394.23
3518.04
127.70
132.65
45.00
24.00
24176.04
198.70
119.19
72.23
2958.47
317.23
71.51
218.62
68.48
232.37
25.00
494.30
140.02
3895.88
86.14
1155.63
173.08
11.45
101.31
479.45
410.54
298.68
116.93
215.05
203.69
144.02
347.79
24.40
36.72
275.80
127.51
29.25
47.85
459.34
176.04
3473.75
13.85
47.91
160.14
2286.22
217.20
302.20
136.58
141.65
529.54
646.83
115.16
377.12
275.57
84.88
13.85
49.94
193.30
80.95
68.64
86.85
1884.17
52.96
375.77
154.75
100.28
314.19
21727.07
39.45
75.16
30.05
94.00
157.97
42.45
1108.08
650.31
266.56
573.14
139.16
135.32
216.38
60.00
3454.26
4.00
301.35
1079.96
143.45
171.14
60.84
345.03
1999.15
87.74
559.29
119.56
45.74
69.56
1068.60
125.27
139.18
52.69
356.95
59.30
38.45
817.32
45.90
372.67
75.16
254.94
124.61
672.46
46.72
374.11
534.72
37.77
153.15
209.61
310.57
39.49
51.80
359.28
14.52
296.69
75.23
179.39
66.10
25.00
785.96
9.00
603.75
443.68
304.45
694.03
874.85
1818.90
109.59
276.77
1083.16
50.60
462.59
91.97
15.67
344.78
188.72
832.79
197.14
355.33
13.21
1253.51
120.03
38.00
1971.04
566.40
63.41
100.12
108.14
7.86
512.34
155.45
66.06
227967.25
238.00
205.69
7484.77
588.39
489.09
8694.09
101.03
8.00
860.18
123.11
763.17
18.12
205.35
163.23
132.90
11.45
223.48
11.45
19.84
118.18
669.80
277.00
212.15
116.36
922.12
47.85
4026.45
192.31
135.50
151.70
473.90
10.85
35.02
1726.71
80.00
160.90
28.22
174.44
382.64
1036.97
442.90
149.90
3349.87
289.68
392.14
123.42
780.00
150.16
199.03
68.04
108.72
196.51
146.93
2135.28
64.50
160.19
2086.80
211.52
167.23
453.62
71224.29
6424.36
225.21
386.97
342.15
79.16
821.55
374.00
57.87
184.74
642.17
76.00
223.26
41.98
1322.49
482.64
7.55
16.85
24.00
1607.69
325.23
164.61
401.64
5901.44
2981.29
47.85
902.27
9.31
49.49
497.10
255.19
4.00
76.34
88.95
57.91
125.27
261.23
239.59
317.88
4.00
1948.85
45.95
733.61
198.78
152.50
1241.04
269.00
162.11
102.62
29.81
100.37
417.23
42.05
253.77
75.16
62.00
44.40
1131.01
88.43
115.70
499.33
119.10
9.95
107.86
414.75
52.83
69.00
10.85
139.58
92.85
98.06
958.44
277.74
35.02
65.15
5474.68
50.00
335.18
91.81
814.81
430.50
8948.01
103.11
236.53
144.23
114.20
265.24
11.45
81.21
213.88
23.79
142.71
168.35
190.57
55.75
260.99
258.61
150.34
71.51
81.23
368.31
541.75
229.19
47.85
755.52
1978.72
322.13
746.65
1562.79
47.85
57.46
21.14
138.08
268.32
284.79
620.05
64.52
204.92
883.23
165.69
326.90
137.38
833.70
13041.55
165.04
128.60
83.48
581.85
235.64
277.00
80.48
40.72
95.21
89.77
130.30
151.50
137.38
154.71
4055.09
15.17
538.15
172.77
132.01
440.22
15.77
56.96
139.10
583.48
377.85
966.36
248.75
1241.90
6315.16
1123.98
10.85
69.59
120.00
2345.93
153.17
633.66
166.85
199.99
510.96
139.00
40.72
191.00
136.61
240.11
9153.34
563.35
85.96
130.57
384.84
114.37
101.94
1118.79
136.71
388.83
677.47
451.53
154.71
170.72
2302.45
12.99
76.47
1043.34
64.25
13.45
75.40
330.22
1230.16
503.24
839.76
119.19
193.98
161.97
123.98
302.51
163.30
1046.39
226.24
18.40
471.92
3011.94
165.38
1516.85
436.87
81.81
124.37
4196.76
4205.43
356.54
251.05
157.51
417.08
44887.37
1948.48
301.89
10.00
122.44
363.86
125.52
281.29
73.66
1700.84
241.29
10.98
1104.25
207.17
109.10
38.50
1355.48
340.59
390.04
484.07
608.44
145.99
112.56
103.18
47.85
47.85
200.53
1029.17
28.24
67.47
1763.76
239.51
50.22
35.02
170.52
146.86
88.43
33.85
2459.77
80.15
1057.72
205.28
180.17
68.05
858.11
15.00
651.96
511.18
2658.59
1068.38
413.37
75.16
69.59
98.00
144.02
4000.85
140.36
160.20
154.71
94.12
227.35
4.00
185.21
50.00
89.11
414.81
42.94
1860.55
62.50
300.85
520.56
152.43
953.69
68.53
289.23
755.90
488.29
732.71
6.18
496.28
264.80
69.59
96.08
62.77
65.11
89.98
57.25
183.21
29.00
2081.58
5.00
87.85
133.90
214.00
138.08
268.18
230.96
35.25
585.62
3652.21
845.75
816.43
99.33
30059.35
129.19
3.24
11140.90
147.53
363.85
36.19
164.48
551.76
10.25
126.17
535.37
203.58
102.26
110.49
615.65
28.25
547.86
11.55
132.37
326.50
171.19
370.53
570.58
145.06
415.44
100.11
497.72
63.68
72.87
201.93
92.43
47.85
75.46
747.43
145.46
55.60
84.57
917.16
199.53
318.65
110.91
281.87
18.46
19.84
882.12
11.75
13.85
56.94
57.91
212.02
17.16
87.85
273.83
178.27
375.52
5698.98
169.38
308.61
170.71
8.00
969.28
141.44
172.21
555.36
57.25
3241.71
1061.59
425.30
30.65
137.42
172.16
659.23
57.85
10.77
75.36
437.88
98.90
144.28
1971.88
27.13
145.33
127.50
46.95
9.00
11.21
121.53
111.99
309.54
224.50
227.92
47.85
45.12
140.85
36.95
9.53
201.55
951.30
2746.15
395.07
1862.58
384.76
232.70
389.03
195.36
581.27
1343.71
228.45
125.75
71.51
248.50
221.04
91.25
238.99
464.12
12.05
206.13
229.46
373.09
420.96
270.89
328.68
614.62
190.88
243.01
35.02
84.30
256.14
673.96
83.50
137.13
530.12
68.05
372.95
68.30
9272.33
212.67
11.69
565.38
88.43
14.01
239.90
123.35
42.72
562.24
1281.43
61.00
421.67
50.22
287.20
169.53
1603.68
81.22
110.95
12.05
265.51
157.15
835.57
56.50
878.44
208.83
988.84
9409.34
43.14
194.93
120.48
101.48
17.45
213.30
211.93
373.46
10.59
2275.09
53.03
11861.64
213.76
153.93
390.27
5876.01
184.06
1314.08
147.86
3861.94
27.96
146.85
123.11
109.41
192.00
138.13
80.00
14.75
745.58
62.60
474.25
163.69
13572.34
156.50
66.29
1231.74
123.01
157.87
98.52
139.98
75.23
1044.97
420.24
2117.61
435.21
574.84
185.80
5623.43
75.00
90.13
271.47
89.36
21.53
68.00
288.34
91.02
47.85
83.30
289.16
392.62
701.89
95.70
60.50
12.96
129.92
3050.26
123.11
625.95
449.26
286.21
74.73
1079.78
107.66
144.25
414.75
1658.76
203.87
46.00
81.51
101.31
17964.53
132.52
225.86
924.80
696.37
176.09
291.16
115.70
851.02
309.79
155.35
1171.49
79.80
723.97
618.38
31.25
47.85
365.66
239.95
1260.95
28.62
294.37
1069.78
512.15
238.26
45.50
119.77
266.39
1045.50
276.87
948.09
332.73
515.72
232.36
100.61
1920.87
0.53
48.24
139.85
320.62
89.13
119.36
50.91
203.62
253.38
37.00
5395.29
310.00
148.73
1901.65
100.12
91.97
316.34
7621.93
121.60
10.25
295.51
6781.35
1497.45
120.33
108.07
1210.59
402.11
77.04
52.00
442.61
1552.50
2062.37
77.48
40.91
293.86
18.00
382.60
23.79
857.77
187.33
731.14
26.67
30.50
47.85
34.49
111.11
195.83
281.73
20.00
93.07
80.17
455.25
25.33
272.82
64.08
82.63
394.07
180.00
1193.53
232.22
163.13
38.39
99.09
131.71
40.00
69.59
600.66
1953.62
47.50
268.19
152.25
1337.32
696.45
1660.11
652.21
55.60
239.11
229.49
635.98
10.00
36.13
637.96
10.00
182.39
356.74
18.63
67.18
166.48
47.85
22.42
231.62
266.45
106.12
135.73
1751.31
68.78
488.99
35.02
126.54
578.69
160.00
262.47
1365.00
128.95
987.87
172.55
549.32
421.51
936.91
45.82
69.59
178.53
68.68
433.41
4.00
11.00
37.75
81.03
365.17
94.21
2938.92
186.91
14.00
135.15
248.54
160.85
114.50
99.96
14.30
444.04
5327.15
758.01
211.44
332.25
118.72
218.74
248.43
280.32
4667.94
190.52
262.88
21.36
161.06
366.17
628.39
125.00
365.45
165.28
248.50
812.17
1439.20
67.47
50.10
276.72
148.89
10.00
50.65
2433.01
34.30
232.02
40.43
442.92
338.38
9.00
2096.47
87.13
248.02
1096.44
70.03
62.12
6050.48
34.95
680.06
99.27
9.64
83.17
7521.93
150.88
258.33
699.95
278.98
180.59
420.48
520.89
417.50
28.60
479.30
440.23
57.45
57.75
160.29
685.93
454.85
243.27
128.75
117.26
88.37
230.37
47.85
587.77
42.54
674.87
47.70
103.00
9821.39
370.91
22.76
57.41
795.55
767.19
196.42
884.73
1139.67
50.99
33.05
1266.35
1650.39
464.76
125.66
121.67
4.00
484.13
395.99
1413.97
3437.31
4.00
1788.06
137.32
50.25
1085.78
31.52
519.42
115.92
101.55
368.57
247.18
987.01
2509.30
322.55
91.60
75.25
387.92
5867.32
449.67
93.66
2870.35
190.91
16.25
236.79
1459.29
535.36
372.59
39.37
467.27
610.08
75.16
751.77
61.06
9.95
175.64
974.91
75.23
856.13
7800.09
506.40
167.36
195.85
143.15
3466.10
511.44
67.27
646.94
159.08
13.55
108.34
775.31
358.46
265.57
2133.52
59.25
25.28
37.57
240.51
1401.74
60.00
243.47
25.00
14.50
598.19
62.02
127.10
170.15
9.99
117.10
178.86
350.10
257.69
29.00
186.89
173.29
837.62
4899.92
83.33
57.25
91.21
2845.34
145.42
303.79
39.83
75.16
10.25
10.12
4009.48
1205.41
497.03
460.97
235.57
25.93
85.00
72.23
890.82
1710.57
113.77
80.57
552.91
71.88
203.81
160.85
424.36
51.85
504.77
209.71
11.21
3180.22
849.04
493.61
10.55
582.37
35.46
35.85
7005.96
5392.68
83.90
828.02
127.85
291.79
61.30
189.17
15.00
40.91
1893.31
12.00
317.82
114.65
171.19
126.85
116.82
170.00
68.48
711.74
506.09
360.98
120.00
805.23
373.10
164.48
139.97
227.31
952.00
53.44
486.13
1286.86
630.55
1190.93
82.72
424.59
14.00
3444.60
292.18
98.29
675.36
3716.93
159.65
58.26
298.01
47.85
541.43
67.94
1546.21
415.32
237.60
379.44
1789.02
76.09
586.78
1583.84
183.08
1006.18
225.89
935.73
122.91
115.77
71.51
195.83
460.92
149.14
228.21
68.48
742.04
266.83
77.52
95.92
1502.98
167.00
1213.88
317.88
68.18
163.23
50.29
528.89
289.59
468.50
60.70
65.15
3846.67
13.50
145.36
119.19
38.49
424.99
113.25
2357.93
311.94
226.74
33.72
107.94
231.08
692.92
597.93
79.97
128.00
124.03
377.18
1516.26
328.77
37.49
411.99
477.24
962.24
32.65
830.67
75.25
431.36
68.48
365.45
32.22
404.23
75.16
4.00
191.00
447.90
1753.23
757.59
1424.06
107.74
235.93
206.94
236.35
131.60
214.55
591.96
26744.47
646.90
563.71
806.23
38875.39
98.68
186.18
153.63
181.73
592.24
1357.79
947.50
291.05
408.95
134.18
48.98
145.42
2447.18
194.36
107.32
1268.65
49.40
103.86
582.18
528.42
347.27
873.70
113.25
327.25
105.16
964.20
81.95
222.31
479.80
288.01
174.47
24.40
70.00
232.91
125.83
40.29
235.27
749.08
391.91
256.14
220.75
146.46
616.62
96.17
197.78
125.75
101.95
68.05
118.44
121.73
61.06
4.00
474.29
93.23
515.60
523.99
978.95
35.25
38.05
366.45
138.40
517.71
67.40
69.15
1199.20
62.25
68.30
47.85
36.71
111.14
207.96
705.94
460.87
123.12
155.70
140.01
18.09
203.62
146.52
430.74
111.26
94.96
9.00
141.35
333.38
213.02
64.52
181.83
544.35
53.90
10.25
52.53
382.87
364.01
1596.53
11.00
1763.95
33.50
48.51
142.14
334.68
870.14
46.99
192.17
141.56
128.00
285.92
1978.50
2057.33
540.74
11316.48
480.70
42.85
51.84
49.05
120.62
26.45
257.33
14.75
531.45
418.87
322.85
328.58
237.15
125.54
762.34
996.84
68.48
61.06
84.60
153.47
110.04
422.41
359.73
2406.58
534.30
25.41
241.40
354.64
123.01
397.66
121.05
769.47
128.29
28.99
57.45
207.06
680.11
436.58
343.91
209.64
59.60
377.98
231.51
57.91
203.83
4.00
109.55
165.12
381.25
2316.67
445.85
204.12
77.56
110.63
14.75
83.23
582.20
221.84
500.17
93.66
1889.37
608.29
797.20
858.20
30.12
48.86
471.26
1464.17
239.84
152.92
329.09
287.99
195.04
96.63
181.07
127.75
9.95
7782.82
118.29
586.56
4247.38
189.51
333.64
184.10
136.60
263.59
130.36
447.47
2618.16
296.95
70.00
180.00
7991.01
88.10
38.50
893.78
293.71
1139.48
278.97
170.68
1763.62
136.79
139.00
14140.65
9.49
53.61
15.00
334.78
135.38
138.72
7208.12
38.00
336.84
187.89
194.87
180.59
10.00
154.82
18.65
4.00
163.50
427.42
43.99
206.88
2198.89
1477.45
1432.73
224.40
75.16
368.35
802.49
52.16
47.85
240.19
260.66
10.85
2233.16
303.38
15.10
2067.12
1369.60
58.55
335.05
2965.70
2280.40
157.12
27.92
147.92
495.04
82.86
131.52
389.66
65.18
202.16
16.95
69.70
75.09
1145.08
392.04
678.93
291.49
3.24
15.70
481.55
59.60
32.29
256.96
23.55
88.08
193.32
225.40
9329.04
14.75
141.62
61.06
151.09
91.97
920.74
145.31
10242.64
839.00
38.24
1170.39
124.52
51.36
28.79
253.78
80.91
1236.09
44.73
436.05
67.70
168.62
4798.77
915.31
188.35
120.44
1465.78
32.92
31.11
240.17
307.17
28.62
820.69
91.02
324.65
140.00
25.16
23.00
163.59
2271.72
906.30
18.00
307.07
106.15
12.85
108.66
98.92
145.60
64.14
226.43
255.96
206.66
104.80
339.73
67.39
146.96
1089.29
546.61
240.24
16.09
195.83
1187.53
37.77
122.91
82.14
345.34
1002.37
1343.19
16.72
50.11
54.33
914.21
847.23
15.65
148.87
119.19
304.06
359.26
38.00
402.67
195.83
216.29
75.57
101.85
692.87
946.44
3724.26
92.88
416.95
4.00
145.68
36.15
1044.18
381.02
157.64
36.75
50.13
29.45
655.02
65.18
14.44
14.45
575.70
47.88
665.68
32.27
2453.81
90.32
326.90
11.11
580.79
525.36
282.32
79.14
21.05
763.41
450.72
471.28
445.53
32.29
8.03
47.48
125.75
179.04
47.85
162.00
51.56
650.14
692.45
50.24
13.85
394.21
206.12
97.67
480.12
9.95
8723.25
376.28
718.37
3530.75
256.63
256.36
30.66
117.22
10.92
128.00
27.05
166.79
99.60
21.36
287.59
114.19
92.00
112.64
122.41
75.00
102.37
32.29
98.62
71.88
88.11
365.39
291.97
68.48
95.88
873.99
43.75
174.26
73.92
9.00
193.04
303.25
55.34
976.58
83.23
1102.22
512.79
1069.91
459.53
20.55
817.10
20.00
2862.86
323.53
556.00
212.99
569.94
572.79
446.99
4.00
64.55
120.35
155.83
90.36
437.76
27.80
71.61
447.16
10.00
98.36
32.95
204.36
97.07
430.00
142.16
235.02
381.49
52.53
74.65
14.00
568.16
168.20
134.36
141.16
397.45
107.16
122.07
413.55
17.85
1073.68
129.11
2221.12
78.48
156.26
128.00
130.27
71.88
24134.18
20.25
413.55
40.91
61.72
327.42
1010.66
8.00
47.85
88.08
140.00
107.24
2015.64
15.70
313.02
2073.41
2771.54
125.62
129.55
331.23
77.56
628.10
69.65
101.64
95.16
32.29
643.72
15677.08
10.85
222.59
309.64
7847.80
300.43
13.25
1585.07
136.59
96.60
98.07
123.66
351.27
485.81
76.43
4374.79
68.48
130.37
305.17
84.47
116.34
270.60
549.85
761.00
787.18
84.15
106.09
396.90
130.69
407.91
54.21
25.05
682.36
57.15
89.02
2077.10
391.88
182.62
339.96
111.49
58.65
1864.54
135.84
10.99
106.09
28.50
675.82
9.65
369.39
40.46
670.47
1157.70
176.06
2836.18
299.79
200.47
220.92
10.00
3410.63
780.04
854.36
50.24
43177.88
280.70
269.70
470.14
25.25
220.06
380.40
138.39
87.00
471.02
113.46
785.78
256.68
803.96
210.33
9.95
242.50
205.58
75.16
132.39
511.76
109.57
294.59
70.67
1533.98
72.08
202.97
9.00
23.75
34.99
102.21
333.66
82.81
295.68
861.46
9.95
16.85
2880.89
537.25
244.17
68.48
345.63
2231.07
10216.38
677.15
251.98
142.85
5499.24
470.64
160.27
30.40
643.52
47.85
356.43
25.39
16.12
277.90
1798.86
58.12
1050.50
220.95
26.56
86.63
158.79
8.00
1745.95
154.02
384.20
91.90
30.89
20.55
590.09
2670.44
120.59
80.15
1730.12
1612.06
1097.22
316.54
68.90
71.88
130.18
5939.44
219.83
451.67
1282.64
29.25
120.81
877.96
75.16
1303.72
293.95
1084.69
71.88
57.15
897.06
138.55
489.91
46.91
61.69
216.23
117.55
268.60
14.50
30.52
9.80
19.99
1464.11
1228.64
76.87
426.17
357.06
865.89
28.72
68.48
35.75
28.57
150.25
201.38
113.66
303.73
2170.96
1442.64
33.50
17.98
211.29
426.49
334.34
38.25
295.06
287.00
749.80
153.94
388.90
141.16
568.13
62.23
269.00
22.83
133.41
397.89
256.97
671.65
1544.57
217.44
457.67
314.18
41.60
10.00
151.11
275.60
92.19
3416.46
92.59
319.75
279.45
353.15
116.89
40.00
563.21
47.85
71.00
89.01
73.95
486.97
864.06
362.75
28.37
346.22
35.02
22.00
277.95
120.44
12.95
855.79
125.39
88.38
491.45
1255.03
324.76
26.37
107.00
115.48
4.00
116.37
1337.40
491.92
6.99
463.74
294.10
6071.01
6.68
101.85
82.34
36.15
188.34
122.58
80.80
106.20
15.16
128.43
41.95
91.99
35.02
42.52
1721.67
8.00
7.00
3193.15
21.71
14.75
1575.52
335.65
47.85
323.54
177.26
155.08
320.43
254.14
68.48
838.83
117.20
525.64
622.00
22.25
1277.52
71.51
488.03
38.24
1389.56
128.15
32.26
350.17
636.32
3745.15
1038.69
640.94
18.00
52.79
89.10
131.05
169.52
38.00
290.24
71.37
954.34
873.71
183.96
177.35
687.57
12.00
37.61
434.99
260.95
441.76
25.58
165.78
118.63
244.27
145.35
361.88
87.34
128.00
68.48
521.12
95.50
1736.80
1759.62
613.59
277.37
794.73
84.45
210.45
124.12
184.53
577.28
1768.05
13.85
97.11
1186.34
1565.75
312.76
248.84
123.91
523.35
636.39
178.53
689.68
1791.27
936.89
79.52
1945.35
99.55
201.80
11289.32
125.27
167.41
164.61
180.82
36.75
30.50
123.01
2179.06
296.00
30.00
84.57
195.53
373.30
309.64
397.32
264.64
559.88
41.10
2362.35
64.87
114.04
39.64
27.80
171.00
50.50
240.00
111.42
284.05
57.40
162.07
2997.72
645.19
219.97
12.00
3269.10
574.32
900.90
217.73
14.75
128.03
209.13
288.21
225.12
336.75
482.63
116.82
140.38
72.23
475.90
421.81
198.60
1652.07
55.50
80.58
1395.40
23.25
533.68
235.25
4.00
1505.64
46.76
92.17
1560.15
126.63
347.14
531.71
310.08
258.56
122.57
477.47
168.77
150.93
19.36
234.16
2394.16
6430.85
75.16
164.53
3131.18
154.82
151.50
390.62
749.85
84.13
51.10
673.75
154.82
1042.23
71.46
736.48
214.21
542.85
4.00
747.34
69.49
277.14
302.77
81.97
469.71
2014.48
100.05
407.36
249.23
208.66
656.19
82.63
2169.09
145.42
176.68
244.17
612.00
541.65
1132.42
5307.13
39.10
25.33
1427.21
11.99
79.98
100.12
141.00
11.15
88.92
71.88
45.00
81.22
9740.27
190.06
567.09
24.65
106.09
59.03
37.73
682.24
70.19
129.78
1665.06
1068.95
2474.17
376.69
98.20
12.00
138.67
155.19
89.91
151.45
97.62
994.00
940.44
33.65
102.02
5898.54
154.89
180.00
719.30
29.26
47.85
83.09
33.50
104.80
786.87
139.20
608.37
119.19
65.15
614.92
118.81
385.51
1089.37
81.99
230.57
1976.43
47.85
302.73
544.25
475.98
83.38
4.00
252.20
178.51
160.06
445.42
492.28
349.18
610.60
119.64
50.00
577.76
9261.49
1598.00
40.99
609.96
502.82
60.36
483.12
85.23
2754.94
423.30
1844.13
196.59
108.44
70.00
10.75
214.29
112.13
84.69
507.89
93.35
485.72
10.85
2131.25
36.24
53.44
1370.67
48.15
530.27
535.53
349.37
172.69
87.60
245.04
189.74
10.85
75.56
269.81
3674.76
28.37
174.63
320.20
217.48
517.37
30.35
353.82
173.00
1345.00
47.85
225.96
119.14
21.45
50.24
33.50
20.68
579.35
111.50
131.67
248.55
11.45
1302.26
438.74
11.84
78.82
142.28
1124.94
166.99
12.95
258.03
1199.38
317.02
128.00
72.90
455.12
30.43
10.85
152.75
92.30
99.70
70.37
338.37
357.34
121.15
741.50
58.96
18.35
1419.03
151.77
674.69
152.23
68.48
150.85
79.38
2891.02
29.75
1214.59
124.39
77.71
76.61
398.68
80.00
20.50
285.21
323.54
514.20
212.01
76.61
34.51
2070.01
168.09
203.85
146.97
101.35
413.08
39.10
968.41
136.96
36.75
39.05
58.26
230.10
57.76
83.84
12.35
356.18
604.45
142.12
101.72
495.80
111.30
30.50
281.66
176.69
235.52
1096.78
150.71
521.82
25.00
599.37
393.58
3322.86
184.96
354.39
222.73
330.23
163.55
322.62
105.37
26.36
289.08
190.56
799.53
142.06
157.52
91.51
55.02
193.03
33.50
143.76
156.61
39.58
79.97
244.50
322.94
989.06
274.76
250.74
191.78
1423.56
28.79
103.03
288.57
26.37
57.50
1598.30
172.83
532.15
29.27
220.51
45.97
227.44
420.55
68.48
109.58
1797.12
279.74
8.00
14.45
221.34
106.29
2079.39
327.83
131.45
14.15
203.86
156.66
168.89
103.52
341.76
2473.11
142.70
27.62
47.85
204.18
42.75
2539.91
86.94
166.90
674.69
17.45
15.00
111.17
274.35
22.83
136.68
179.34
50.59
242.58
4.00
344.74
4054.70
348.76
8443.20
75.25
519.63
366.10
1874.97
171.19
1723.76
154.75
38.24
21.62
1302.43
207.73
440.64
373.00
795.78
80.97
18.05
33.50
1036.96
654.85
9032.60
273.09
5530.61
87.87
623.26
92.25
238.94
343.06
212.88
27.80
36.75
465.80
200.08
165.74
1798.56
2604.28
284.75
153.76
788.27
134.27
721.16
413.70
69.44
13.40
839.98
883.60
530.10
1351.69
9874.18
353.63
10.70
462.38
168.35
62.57
45.70
333.91
667.33
561.85
1528.26
841.32
32.33
87.88
88.14
82.72
1232.03
240.19
188.35
373.22
802.83
91.04
371.84
182.27
276.44
214.70
262.36
71.88
250.42
225.62
1757.22
356.10
1.99
207.05
61.41
103.87
8410.51
396.37
539.75
534.81
65.15
271.36
1114.26
10.85
376.43
33.45
12.35
88.86
1166.06
5258.17
137.47
148.39
94.55
4.00
1158.51
134.76
4.00
27.80
332.45
4.00
349.67
849.03
2190.82
137.66
211.92
79.97
47.85
47.85
352.64
163.71
105.81
53.18
47.85
105.50
113.44
41.30
36.24
291.59
27.80
5821.84
477.23
434.65
2213.35
301.20
250.63
68.48
1080.67
71.08
220.43
501.51
148.73
10.79
279.31
302.68
141.27
71.03
220.29
20.45
101.95
662.33
2836.77
248.87
94.38
77.12
169.85
224.67
161.25
243.64
54.28
120.72
62.60
5599.14
71.51
17347.56
33.50
116.73
52.64
48.72
57.50
8.36
11950.41
84.60
1786.27
47.85
126.04
10.05
32.25
372.41
540.00
10.25
86.74
581.46
171.63
147.98
691.31
124.59
138.55
74.00
33.50
297.13
197.87
311.22
913.91
553.53
165.58
1565.65
1268.23
33.45
193.00
526.06
39.10
369.00
2586.23
456.14
32.75
1795.85
65.65
345.26
25.05
814.11
10.70
635.71
949.61
162.38
171.19
5.90
52.88
47.85
122.12
198.55
97.73
15.16
12.35
221.16
205.54
861.24
39.00
1503.86
328.35
165.17
150.64
513.84
171.19
228.89
108.58
1260.29
797.72
1121.94
718.45
319.97
216.91
117.77
398.15
139.80
543.33
4581.58
253.78
505.87
3681.13
29.00
16.85
105.51
119.32
47.85
330.12
11260.97
14.75
9.82
292.15
169.81
816.11
11.45
127.98
267.92
147.90
128.00
375.61
440.61
2800.27
96.58
6124.59
10.00
125.75
49.18
162.23
613.14
240.08
329.99
367.55
388.40
145.96
265.73
86.36
22.37
75.16
1778.20
408.06
27.05
137.07
80.88
61.86
291.09
87.05
86.05
486.87
130.60
117.65
309.45
610.39
130.95
717.61
58.67
229.68
448.36
18.49
163.99
780.12
179.00
439.03
361.27
740.62
182.08
607.07
486.35
1386.41
117.48
1945.90
75.16
1280.59
491.65
526.60
115.38
414.31
335.87
82.91
102.65
1785.96
124.25
3565.12
136.34
20.70
127.91
134.17
683.92
283.76
167.66
79.10
49.83
818.54
51.85
37.93
65.18
279.83
171.60
1848.74
9.00
274.51
106.31
1326.60
57.87
432.48
13.36
70.88
145.26
158.79
113.09
27.62
99.59
2147.64
121.65
5910.95
47.44
85.24
172.18
38.24
1172.61
146.15
78.92
447.51
1052.19
198.10
55.06
113.87
895.78
333.42
185.79
289.15
353.96
25.16
126.29
480.70
104.33
30.26
185.50
43.50
67.81
208.87
306.67
1036.04
137.28
1264.48
135.78
164.60
25.05
697.14
31.71
20.15
74.36
221.21
596.91
166.64
187.00
10.25
151.52
20.00
48.69
1820.09
53.37
75.00
7.00
73.89
150.27
3809.86
1181.58
131.01
163.90
111.22
474.45
25.05
105.63
32.37
63.75
1014.54
23.12
102.07
28.97
4.00
332.75
68.48
29.57
105.53
5487.52
20.05
142.51
348.70
119.25
458.34
185.25
219.75
35.04
600.07
362.55
1464.94
81.52
419.61
46.91
249.96
3198.78
128.00
43.14
308.35
79.85
47.85
132.27
141.77
110.61
880.33
364.37
143.62
101.55
16.49
188.72
454.13
237.16
117.49
65.50
394.42
260.29
3.65
8.00
760.50
147.23
53.56
128.66
407.51
1550.91
128.41
1148.63
48.31
77.95
299.50
43.33
12.00
186.36
190.08
20.33
45.99
62.25
98.88
405.00
39.05
178.74
1122.70
81.25
117.26
672.20
30.51
710.82
23.04
194.32
155.58
48.94
263.40
55.00
594.36
242.71
1308.56
14.45
267.09
88.52
36.65
55.56
223.27
29.57
148.14
135.48
404.79
41.98
55.40
113.09
1275.06
225.73
1204.66
7.55
290.50
188.58
68.90
359.07
674.83
230.92
1620.24
89.36
371.56
263.88
11985.22
4629.20
82.32
157.67
2395.27
110.08
245.25
47.85
285.50
103.90
7.85
151.95
92.48
66.68
173.23
170.79
163.90
177.68
52.05
6188.34
71.51
10.00
4.00
68.05
575.85
1252.32
144.78
5774.84
417.02
85.98
79.36
552.84
81.98
939.19
10.85
10.25
184.62
229.72
35.72
700.42
450.99
190.08
187.54
9.35
9932.31
684.43
82.93
417.51
1447.39
65.88
196.72
10.24
187.78
185.98
42.85
169.85
206.82
153.93
4.00
1491.35
211.18
12.00
25980.40
505.61
60.94
590.82
3243.69
96.00
53.86
799.25
181.50
1360.02
1206.87
200.30
70.00
486.71
515.62
522.21
38.24
672.56
140.47
572.95
277.38
73.50
654.81
733.07
294.86
365.73
223.83
1177.53
1093.93
5.00
200.31
136.96
187.64
96.41
8141.18
168.15
333.42
177.99
197.85
58.77
84.63
563.58
133.24
485.64
783.62
23.03
130.17
791.04
58.00
391.39
191.24
12.74
137.44
163.52
112.40
29.04
62.30
859.43
833.54
8.00
265.63
298.59
29.16
14955.87
12483.61
679.28
1016.47
130.36
187.91
164.53
1506.16
154.37
158.79
55.99
88.41
7294.00
269.00
97.43
186.88
119.19
